1 1        6.76E+00  7.64E+00  9.63E+00  1.14E+01  1.30E+01  1.45E+01 
1 2        1.73E-16  1.88E-16  2.29E-16  2.73E-16  3.13E-16  3.43E-16 
2 3       1.12E-04  1.07E-04  1.00E-04  9.83E-05  9.90E-05  1.00E-04 
2 4       3.81E+00  4.39E+00  5.79E+00  7.11E+00  8.55E+00  1.00E+01 
3 6       3.09E-11  3.32E-11  3.60E-11  3.73E-11  3.74E-11  3.87E-11 
3 7       2.44E-17  1.44E-16  5.85E-14  7.06E-13  1.96E-12  3.57E-12 
4 9       8.48E-12  8.49E-12  9.23E-12  9.77E-12  9.59E-12  9.94E-12 
5 10       5.99E-11  6.34E-11  7.01E-11  7.37E-11  7.86E-11  8.10E-11 
5 11       4.52E-10  5.01E-10  6.11E-10  7.08E-10  7.98E-10  8.84E-10 
6 12       1.07E-01  1.84E-01  2.89E-01  5.30E-01  6.13E-01  8.38E-01 
6 13       5.02E-05  5.73E-05  7.37E-05  8.86E-05  1.04E-04  1.20E-04 
7 14       2.65E-03  2.99E-03  3.68E-03  4.56E-03  5.63E-03  6.80E-03 
7 15       7.68E-07  8.55E-07  1.05E-06  1.33E-06  1.37E-06  1.60E-06 
8 16       2.91E-01  5.27E-01  1.41E+00  2.28E+00  3.75E+00  4.88E+00 
8 17       1.58E-05  1.61E-05  1.46E-05  1.43E-05  1.17E-05  1.11E-05 
8 18       5.38E-05  8.30E-05  7.01E-05  2.24E-05  1.78E-05  1.67E-05 
9 19       1.92E-07  2.28E-07  4.77E-07  9.46E-07  9.30E-07  1.30E-06 
10 20      9.31E-02  1.21E-01  5.42E-01  5.28E-01  1.14E+00  1.32E+00 
10 21      1.57E-05  2.50E-05  6.93E-05  9.54E-05  1.95E-04  2.11E-04 
10 22      5.63E-04  9.16E-04  1.95E-03  2.76E-03  3.30E-03  3.69E-03 
11 23      7.20E-04  1.05E-03  3.15E-03  3.61E-03  7.67E-03  8.71E-03 
12 24      4.52E-02  6.37E-02  1.57E-01  1.52E-01  2.27E-01  2.30E-01 
12 25      2.87E-04  4.43E-04  1.16E-03  7.74E-04  1.38E-03  1.36E-03 
12 26      4.46E-04  6.08E-04  1.97E-03  1.38E-03  2.71E-03  2.84E-03 
13 27      1.11E-03  1.52E-03  4.41E-03  3.70E-03  6.71E-03  7.58E-03 
14 28      5.30E-02  1.04E-01  1.05E-01  2.41E-01  1.61E-01  2.22E-01 
14 29      4.08E-04  6.78E-04  8.81E-04  9.94E-04  1.06E-03  9.87E-04 
14 30      3.71E-04  5.84E-04  7.30E-04  6.40E-04  7.51E-04  6.65E-04 
15 31       1.46E-04  2.38E-04  2.63E-04  3.36E-04  3.37E-04  3.23E-04 
16 32       2.21E-02  4.60E-02  4.43E-02  1.13E-01  6.98E-02  1.07E-01 
16 33       6.46E-05  1.22E-04  1.05E-04  2.38E-04  1.77E-04  2.06E-04 
16 34       3.84E-04  7.16E-04  5.27E-04  8.33E-04  6.23E-04  6.11E-04 
16 36       6.83E-08  8.54E-08  1.12E-07  1.15E-07  1.52E-07  1.61E-07 
17 35      3.47E-05  5.65E-05  4.00E-05  8.72E-05  6.49E-05  7.46E-05 
17 37      4.14E-06  8.16E-06  7.04E-06  2.00E-05  1.70E-05  2.15E-05 
18 36      4.18E-03  8.65E-03  8.66E-03  2.14E-02  1.34E-02  2.12E-02 
18 38      8.78E-05  1.82E-04  1.08E-04  3.09E-04  1.75E-04  2.10E-04 
18 40      1.74E-08  2.04E-08  2.91E-08  3.39E-08  4.68E-08  5.60E-08 
19 39       3.09E-05  3.02E-05  1.90E-05  3.85E-05  2.84E-05  3.42E-05 
19 40       2.85E-08  4.73E-08  1.12E-07  1.73E-07  3.05E-07  3.88E-07 
19 41       1.28E-06  2.05E-06  1.98E-06  4.94E-06  4.78E-06  6.17E-06 
20 40      3.86E-03  7.65E-03  7.93E-03  1.86E-02  1.23E-02  1.88E-02 
20 42      2.24E-06  3.75E-06  2.98E-06  7.97E-06  6.92E-06  8.80E-06 
20 43      6.21E-07  3.34E-07  4.10E-07  5.92E-07  1.21E-06  1.63E-06 
20 44      7.84E-05  5.76E-05  4.64E-05  1.24E-05  4.59E-05  1.57E-05 
20 46      1.81E-09  2.21E-09  2.66E-09  3.39E-09  4.00E-09  4.82E-09 
20 48      7.93E-08  9.16E-08  1.24E-07  1.50E-07  1.86E-07  2.14E-07 
21 45      9.88E-08  1.27E-07  1.74E-07  3.71E-07  5.68E-07  8.82E-07 
22 46      1.99E-06  2.53E-06  1.49E-06  3.74E-06  2.64E-06  3.23E-06 
22 47      1.47E-06  9.22E-07  5.35E-07  3.51E-07  4.87E-07  5.32E-07 
22 48      2.16E-04  1.99E-04  1.77E-04  2.05E-04  2.00E-04  2.02E-04 
22 49      2.84E-06  5.53E-06  5.58E-06  1.03E-05  6.34E-06  9.99E-06 
22 50      1.11E-07  1.38E-07  2.86E-07  4.15E-07  7.17E-07  9.39E-07 
23 50       1.46E-09  2.24E-09  4.12E-09  6.80E-09  7.65E-09  1.16E-08 
23 51       5.17E-06  1.09E-05  1.07E-05  1.72E-05  9.52E-06  1.46E-05 
24 50      9.31E-06  2.04E-05  2.09E-05  3.08E-05  1.55E-05  2.44E-05 
24 52      9.45E-04  1.66E-03  1.57E-03  3.61E-03  2.28E-03  3.59E-03 
24 53      5.90E-05  1.26E-04  1.15E-04  2.29E-04  1.34E-04  2.18E-04 
24 54      3.57E-07  4.59E-07  9.81E-07  1.40E-06  2.35E-06  3.02E-06 
25 55      2.55E-04  5.77E-04  4.92E-04  8.79E-04  4.99E-04  7.91E-04 
26 54      9.53E-04  2.25E-03  2.15E-03  3.15E-03  1.64E-03  2.62E-03 
26 56      1.00E-01  1.00E-01  1.01E-01  1.01E-01  1.01E-01  1.01E-01 
26 57      3.68E-03  2.85E-03  2.77E-03  1.13E-03  2.00E-03  1.13E-03 
26 58      6.76E-06  1.04E-05  3.59E-05  5.74E-05  1.09E-04  1.43E-04 
27 59      2.51E-04  1.50E-04  1.15E-04  3.54E-05  6.02E-05  5.96E-05 
28 58      3.54E-03  2.03E-03  8.34E-04  5.05E-04  3.56E-04  4.46E-04 
28 60      3.25E-03  2.31E-03  2.32E-03  2.58E-04  1.82E-03  3.41E-04 
28 61      1.86E-04  1.13E-04  9.75E-05  9.98E-06  7.19E-05  2.05E-05 
28 62      1.07E-03  5.44E-04  3.36E-04  2.51E-05  1.68E-04  5.51E-05 
28 64      4.92E-07  5.86E-07  1.11E-06  1.77E-06  3.67E-06  5.46E-06 
29 63      3.19E-06  2.03E-06  3.27E-06  2.14E-06  1.43E-05  5.89E-06 
29 65      2.60E-06  1.47E-06  1.51E-06  1.32E-06  3.73E-06  4.62E-06 
30 64      3.24E-05  2.18E-05  3.20E-05  3.22E-06  5.98E-05  7.08E-06 
30 66      3.22E-05  1.44E-05  9.12E-06  1.66E-06  7.86E-06  4.35E-06 
30 67      1.49E-07  9.89E-08  1.46E-07  2.30E-07  5.00E-07  7.66E-07 
30 68      2.69E-07  3.08E-07  5.14E-07  8.03E-07  1.59E-06  2.44E-06 
30 70      7.78E-09  8.92E-09  1.16E-08  1.38E-08  1.61E-08  1.84E-08 
