1 1        6.83E+00  7.70E+00  9.70E+00  1.14E+01  1.31E+01  1.47E+01 
1 2        1.61E-16  1.29E-16  1.12E-16  1.27E-16  1.46E-16  1.68E-16 
2 3       7.04E-05  6.41E-05  5.50E-05  4.97E-05  4.66E-05  4.45E-05 
2 4       3.88E+00  4.51E+00  6.04E+00  7.51E+00  8.91E+00  1.03E+01 
3 6       7.86E-15  6.68E-15  4.60E-15  2.81E-15  9.18E-16  1.32E-17 
3 7       3.97E-16  2.89E-12  2.66E-11  3.97E-11  4.66E-11  5.37E-11 
4 9       2.04E-15  1.70E-15  1.18E-15  7.22E-16  3.10E-16  3.23E-59 
5 10       1.43E-14  1.27E-14  9.92E-15  6.53E-15  3.82E-15  8.19E-16 
5 11       1.27E-13  1.32E-13  1.49E-13  1.63E-13  1.75E-13  1.88E-13 
6 12       1.04E-01  1.61E-01  3.69E-01  4.91E-01  7.18E-01  7.57E-01 
6 13       3.92E-08  3.84E-08  6.48E-08  5.97E-08  7.81E-06  3.26E-05 
7 14       4.58E-06  5.42E-06  1.27E-05  2.59E-05  3.98E-05  6.45E-05 
7 15       8.62E-10  1.47E-09  7.16E-09  3.30E-08  3.10E-08  9.69E-08 
8 16       2.31E-01  4.64E-01  1.18E+00  2.18E+00  3.45E+00  4.67E+00 
8 17       4.63E-08  6.28E-08  5.23E-07  8.11E-07  1.38E-05  3.47E-05 
8 18       4.69E-08  6.96E-08  9.00E-08  1.94E-07  1.92E-07  9.14E-07 
9 19       1.21E-10  1.74E-10  4.24E-10  1.21E-09  1.42E-08  3.54E-07 
10 20      4.31E-02  1.55E-01  2.59E-01  6.57E-01  6.68E-01  1.05E+00 
10 21      1.87E-06  4.74E-06  4.11E-05  4.14E-05  5.24E-05  4.35E-05 
10 22      8.60E-07  2.87E-06  1.96E-05  3.23E-05  3.65E-05  3.99E-05 
11 23      2.38E-04  7.59E-04  1.85E-03  2.88E-03  3.16E-03  2.95E-03 
12 24      3.58E-02  6.13E-02  1.04E-01  1.37E-01  1.82E-01  2.06E-01 
12 25      1.03E-04  1.09E-04  2.89E-04  3.21E-04  3.11E-04  2.14E-04 
12 26      1.64E-04  2.46E-04  3.67E-04  5.16E-04  4.43E-04  3.68E-04 
13 27      4.96E-04  1.08E-03  1.49E-03  1.74E-03  1.83E-03  1.73E-03 
14 28      5.74E-02  7.65E-02  1.54E-01  1.41E-01  2.33E-01  2.23E-01 
14 29      3.49E-04  3.00E-04  6.98E-04  4.53E-04  8.37E-04  5.64E-04 
14 30      3.07E-04  2.12E-04  4.25E-04  2.13E-04  3.38E-04  1.64E-04 
15 31       1.24E-04  1.08E-04  2.13E-04  1.31E-04  2.05E-04  1.22E-04 
16 32       2.47E-02  3.50E-02  6.62E-02  6.76E-02  1.09E-01  1.11E-01 
16 33       6.13E-05  6.20E-05  1.45E-04  1.00E-04  1.72E-04  1.27E-04 
16 34       3.56E-04  2.55E-04  5.04E-04  2.40E-04  3.24E-04  1.62E-04 
16 36       1.02E-08  2.49E-09  4.91E-09  1.17E-09  1.93E-09  4.84E-10 
17 35      2.86E-05  3.13E-05  4.89E-05  3.16E-05  4.59E-05  2.82E-05 
17 37      3.34E-06  6.01E-06  8.29E-06  7.29E-06  1.26E-05  1.06E-05 
18 36      4.76E-03  6.78E-03  1.23E-02  1.36E-02  2.15E-02  2.29E-02 
18 38      7.68E-05  1.32E-04  1.26E-04  1.03E-04  9.88E-05  7.87E-05 
18 40      2.52E-10  7.14E-11  1.34E-10  5.14E-11  9.37E-11  6.14E-10 
19 39       2.16E-05  3.23E-05  1.95E-05  1.56E-05  1.97E-05  1.66E-05 
19 40       4.81E-09  3.02E-09  5.98E-09  2.58E-09  3.38E-09  1.76E-09 
19 41       8.85E-07  1.86E-06  1.69E-06  1.69E-06  2.98E-06  2.55E-06 
20 40      4.47E-03  5.92E-03  1.08E-02  1.24E-02  1.95E-02  2.09E-02 
20 42      1.78E-06  4.54E-06  2.24E-06  2.52E-06  1.90E-06  1.67E-06 
20 43      3.34E-07  2.25E-07  4.38E-08  6.57E-09  2.65E-09  2.44E-09 
20 44      7.92E-05  5.17E-05  3.75E-05  2.06E-05  1.51E-05  1.17E-05 
20 46      2.14E-12  1.94E-12  2.67E-12  3.18E-12  1.12E-11  3.75E-10 
20 48      7.95E-11  9.27E-11  1.24E-10  1.54E-10  1.85E-10  2.10E-10 
21 45      5.64E-08  1.05E-07  8.60E-08  9.35E-08  1.35E-07  1.38E-07 
22 46      1.72E-06  4.25E-06  1.36E-06  1.79E-06  1.18E-06  1.07E-06 
22 47      9.59E-07  6.51E-07  2.40E-07  6.92E-08  4.05E-08  4.24E-08 
22 48      2.20E-04  1.59E-04  1.85E-04  1.86E-04  1.95E-04  2.28E-04 
22 49      2.81E-06  5.38E-06  6.18E-06  8.09E-06  8.00E-06  9.56E-06 
22 50      1.03E-10  1.17E-10  1.61E-10  2.03E-10  3.32E-10  6.35E-10 
23 50       2.90E-11  3.82E-11  3.05E-11  2.08E-11  1.38E-11  1.86E-11 
23 51       3.96E-06  1.29E-05  1.09E-05  1.20E-05  9.78E-06  1.10E-05 
24 50      7.15E-06  4.39E-05  1.88E-05  2.10E-05  1.18E-05  1.31E-05 
24 52      1.10E-03  1.27E-03  2.13E-03  2.81E-03  3.29E-03  4.04E-03 
24 53      6.11E-05  1.16E-04  1.41E-04  1.82E-04  1.78E-04  2.17E-04 
24 54      6.72E-10  3.29E-09  8.84E-10  1.60E-09  1.47E-09  2.30E-09 
25 55      1.94E-04  5.54E-04  5.73E-04  6.16E-04  5.46E-04  6.33E-04 
26 54      6.25E-04  3.45E-03  2.05E-03  2.18E-03  1.42E-03  1.62E-03 
26 56      1.00E-01  1.00E-01  1.00E-01  1.00E-01  1.00E-01  1.00E-01 
26 57      3.23E-03  3.13E-03  2.02E-03  1.65E-03  1.07E-03  8.15E-04 
26 58      3.61E-09  5.48E-09  7.29E-09  9.33E-09  3.22E-08  7.62E-08 
27 59      1.80E-04  1.62E-04  5.36E-05  8.58E-06  7.12E-06  4.23E-06 
28 58      1.79E-03  1.90E-03  5.74E-04  3.76E-04  3.39E-04  2.93E-04 
28 60      3.36E-03  2.55E-03  1.68E-03  1.17E-03  4.26E-04  1.19E-04 
28 61      1.66E-04  1.14E-04  6.33E-05  3.60E-05  9.13E-06  2.12E-06 
28 62      7.89E-04  5.52E-04  1.94E-04  6.25E-05  1.29E-05  3.31E-06 
28 64      4.33E-10  5.07E-10  6.82E-10  8.71E-10  1.22E-09  7.83E-09 
29 63      6.56E-06  1.82E-06  1.37E-06  1.50E-05  3.35E-06  3.09E-07 
29 65      2.09E-06  1.13E-06  6.06E-07  4.10E-07  1.12E-07  1.02E-08 
30 64      5.22E-05  2.47E-05  2.49E-05  4.33E-05  1.31E-05  9.05E-07 
30 66      2.53E-05  1.32E-05  5.08E-06  2.25E-06  3.31E-07  2.51E-08 
30 67      6.14E-08  2.47E-08  6.22E-09  1.61E-09  3.04E-10  3.19E-10 
30 68      1.03E-08  5.80E-09  1.60E-09  9.51E-10  6.87E-10  1.33E-09 
30 70      7.87E-12  9.17E-12  1.22E-11  1.55E-11  1.76E-11  1.98E-11 
