1 1        6.22E+00  7.02E+00  8.73E+00  1.02E+01  1.18E+01  1.32E+01 
1 2        1.55E-16  1.63E-16  1.89E-16  2.17E-16  2.42E-16  2.64E-16 
2 3        4.83E-04  5.63E-04  6.90E-04  8.08E-04  9.26E-04  1.04E-03 
2 4       4.37E+00  4.92E+00  6.47E+00  7.87E+00  9.22E+00  1.05E+01 
3 6       7.29E-10  1.07E-09  1.18E-09  1.30E-09  1.37E-09  1.41E-09 
3 7       5.52E-11  1.33E-10  1.03E-10  7.12E-11  4.84E-11  3.25E-11 
4 9       1.94E-10  2.75E-10  3.06E-10  3.35E-10  3.52E-10  3.79E-10 
5 10       1.32E-09  1.85E-09  2.11E-09  2.31E-09  2.51E-09  2.70E-09 
5 11       1.16E-08  1.46E-08  1.82E-08  2.14E-08  2.46E-08  2.76E-08 
6 12       1.06E-01  2.05E-01  3.15E-01  6.07E-01  6.45E-01  9.37E-01 
6 13       1.16E-03  1.31E-03  1.69E-03  2.03E-03  2.39E-03  2.71E-03 
7 14       4.62E-02  5.07E-02  6.22E-02  7.19E-02  8.57E-02  1.02E-01 
7 15       1.82E-05  2.19E-05  3.00E-05  3.44E-05  3.65E-05  4.18E-05 
8 16       3.05E-01  5.16E-01  1.38E+00  2.44E+00  3.89E+00  5.22E+00
8 17       1.66E-04  1.55E-04  1.38E-04  1.47E-04  1.52E-04  1.72E-04
8 18       3.40E-03  4.19E-03  5.72E-03  3.71E-03  9.94E-04  5.07E-04 
9 19       3.54E-06  4.19E-06  7.62E-06  1.49E-05  2.19E-05  2.69E-05 
10 20      5.59E-02  3.60E-02  5.35E-01  7.17E-01  1.30E+00  1.29E+00 
10 21      6.25E-05  8.70E-05  4.32E-04  7.81E-04  9.40E-04  1.08E-03 
10 22      8.59E-03  1.30E-02  3.01E-02  5.12E-02  6.59E-02  7.09E-02 
11 23      1.25E-03  1.38E-03  1.30E-02  2.42E-02  3.98E-02  4.54E-02 
12 24      3.66E-02  3.39E-02  1.33E-01  1.29E-01  2.21E-01  1.95E-01 
12 25      2.65E-03  2.06E-03  1.76E-02  2.35E-02  3.20E-02  3.49E-02 
12 26      3.45E-03  4.11E-03  1.83E-02  3.07E-02  5.23E-02  7.12E-02 
13 27      2.28E-03  1.73E-03  1.88E-02  3.09E-02  5.79E-02  6.90E-02 
14 28      6.78E-02  1.31E-01  1.56E-01  2.45E-01  1.90E-01  2.77E-01 
14 29      2.46E-03  3.45E-03  5.66E-03  6.79E-03  9.11E-03  1.09E-02 
14 30      2.96E-03  4.07E-03  6.07E-03  6.55E-03  9.93E-03  1.09E-02 
15 31       6.17E-04  1.01E-03  1.41E-03  1.78E-03  2.39E-03  2.86E-03 
16 32       2.79E-02  6.06E-02  6.62E-02  1.24E-01  7.80E-02  1.26E-01 
16 33       1.98E-04  3.95E-04  4.49E-04  7.67E-04  7.38E-04  1.00E-03 
16 34       2.26E-03  4.73E-03  4.64E-03  6.16E-03  6.74E-03  9.27E-03 
16 36       3.40E-06  6.03E-06  9.13E-06  1.22E-05  1.74E-05  1.93E-05 
17 35      9.20E-05  1.88E-04  2.12E-04  4.45E-04  3.47E-04  4.93E-04 
17 37      2.95E-05  4.78E-05  1.15E-04  2.46E-04  2.94E-04  3.84E-04 
18 36      4.65E-03  9.99E-03  1.08E-02  2.13E-02  1.27E-02  2.08E-02 
18 38      7.01E-04  1.59E-03  1.39E-03  3.92E-03  2.14E-03  3.09E-03 
18 40      5.79E-07  1.12E-06  1.99E-06  2.95E-06  3.59E-06  4.40E-06 
19 39       9.43E-05  1.10E-04  1.45E-04  3.67E-04  2.01E-04  2.61E-04 
19 40       4.20E-07  6.46E-07  2.00E-06  3.63E-06  6.26E-06  8.27E-06 
19 41       7.23E-06  1.06E-05  1.99E-05  4.39E-05  4.00E-05  5.21E-05 
20 40      3.99E-03  8.23E-03  8.56E-03  1.64E-02  1.06E-02  1.66E-02 
20 42      1.86E-05  3.79E-05  5.27E-05  1.70E-04  1.15E-04  1.61E-04 
20 43      2.96E-06  2.78E-06  9.86E-06  1.78E-05  2.91E-05  3.68E-05 
20 44      1.09E-04  6.37E-05  8.53E-05  1.00E-04  1.54E-04  1.68E-04 
20 46     1.00E-07  7.67E-07  5.41E-07  2.10E-06  1.22E-06  2.37E-06 
20 48      1.60E-06  1.89E-06  2.49E-06  3.11E-06  3.78E-06  4.35E-06 
21 45      1.03E-06  1.87E-06  5.42E-06  1.26E-05  1.79E-05  2.55E-05 
22 46      9.72E-06  1.69E-05  2.48E-05  8.26E-05  4.59E-05  6.49E-05 
22 47      5.10E-06  5.11E-06  7.49E-06  1.18E-05  1.78E-05  2.28E-05 
22 48      2.52E-04  2.06E-04  1.81E-04  2.04E-04  2.30E-04  2.45E-04 
22 49      6.66E-06  1.26E-05  1.52E-05  2.31E-05  2.68E-05  3.86E-05 
22 50      2.58E-06  3.36E-06  8.66E-06  1.59E-05  2.75E-05  3.84E-05 
23 50       3.88E-08  1.31E-07  2.01E-07  4.02E-07  4.52E-07  6.90E-07 
23 51       1.75E-05  3.35E-05  3.60E-05  5.15E-05  4.11E-05  6.30E-05 
24 50      6.54E-05  1.32E-04  1.77E-04  2.53E-04  1.36E-04  2.26E-04 
24 52      1.10E-03  2.04E-03  1.78E-03  2.61E-03  2.49E-03  3.55E-03 
24 53      1.13E-04  2.42E-04  2.37E-04  3.31E-04  2.82E-04  4.12E-04 
24 54      7.55E-06  9.44E-06  2.28E-05  3.59E-05  5.32E-05  6.56E-05 
25 55      6.56E-04  1.36E-03  1.34E-03  1.95E-03  1.64E-03  2.45E-03 
26 54      5.03E-03  1.05E-02  1.22E-02  1.63E-02  1.13E-02  1.79E-02 
26 56      1.13E-01  1.15E-01  1.20E-01  1.24E-01  1.28E-01  1.31E-01 
26 57      4.69E-03  3.50E-03  4.09E-03  3.53E-03  3.86E-03  3.26E-03 
26 58      1.76E-04  2.28E-04  8.75E-04  1.40E-03  2.16E-03  2.66E-03 
27 59      4.49E-04  2.98E-04  6.52E-04  9.04E-04  1.21E-03  1.33E-03 
28 58      8.01E-03  5.02E-03  6.20E-03  4.75E-03  4.74E-03  3.95E-03 
28 60      3.45E-03  2.29E-03  2.31E-03  1.94E-03  2.55E-03  1.74E-03 
28 61      2.46E-04  1.80E-04  2.22E-04  2.85E-04  4.47E-04  4.94E-04 
28 62      1.93E-03  9.10E-04  1.13E-03  1.30E-03  2.03E-03  2.13E-03 
28 64      1.88E-05  3.08E-05  1.00E-04  2.16E-04  3.64E-04  4.93E-04 
29 63      1.82E-05  1.92E-05  8.67E-05  2.22E-04  3.03E-04  4.06E-04 
29 65      1.08E-05  2.06E-05  4.40E-05  9.20E-05  2.03E-04  2.92E-04 
30 64      3.87E-05  2.74E-05  3.64E-05  5.16E-05  1.10E-04  1.40E-04 
30 66      6.38E-05  3.46E-05  5.66E-05  1.05E-04  2.13E-04  3.10E-04 
30 67     1.82E-06  1.75E-06  1.09E-05  2.67E-05  5.88E-05  9.12E-05 
30 68      8.23E-06  1.03E-05  4.39E-05  1.14E-04  2.30E-04  3.50E-04 
30 70      2.48E-07  9.13E-07  1.08E-06  3.30E-06  3.51E-06  7.33E-06 
