1 1        6.57E+00  7.38E+00  9.18E+00  1.08E+01  1.22E+01  1.38E+01 
1 2        1.65E-16  1.77E-16  2.06E-16  2.34E-16  2.60E-16  2.88E-16 
2 3       2.11E-04  2.20E-04  2.50E-04  2.80E-04  3.12E-04  3.44E-04 
2 4       4.10E+00  4.73E+00  6.20E+00  7.60E+00  9.00E+00  1.02E+01 
3 6       2.68E-10  2.85E-10  3.01E-10  3.28E-10  3.51E-10  3.56E-10 
3 7       1.33E-11  1.08E-11  4.94E-12  2.61E-12  2.58E-12  3.29E-12 
4 9       6.86E-11  7.47E-11  8.06E-11  8.60E-11  9.07E-11  9.61E-11 
5 10       4.80E-10  5.05E-10  5.65E-10  6.15E-10  6.59E-10  7.05E-10 
5 11       3.52E-09  3.90E-09  4.80E-09  5.63E-09  6.42E-09  7.19E-09 
6 12       9.89E-02  1.67E-01  3.47E-01  6.28E-01  5.94E-01  9.38E-01 
6 13       3.29E-04  3.77E-04  4.84E-04  5.83E-04  6.85E-04  7.86E-04 
7 14       1.47E-02  1.68E-02  2.02E-02  2.43E-02  2.90E-02  3.42E-02 
7 15       5.46E-06  6.07E-06  7.74E-06  9.15E-06  9.82E-06  1.14E-05 
8 16       2.68E-01  5.02E-01  1.38E+00  2.44E+00  3.90E+00  5.20E+00 
8 17       3.61E-05  3.60E-05  3.76E-05  4.31E-05  3.80E-05  4.71E-05 
8 18       6.08E-04  9.29E-04  7.12E-04  2.49E-04  1.39E-04  1.07E-04 
9 19       1.14E-06  1.29E-06  2.74E-06  4.98E-06  6.12E-06  8.96E-06 
10 20      8.19E-02  1.68E-01  4.79E-01  6.78E-01  1.36E+00  1.34E+00 
10 21      3.92E-05  7.41E-05  2.04E-04  3.60E-04  4.22E-04  5.21E-04 
10 22      2.92E-03  4.37E-03  1.17E-02  1.68E-02  2.04E-02  2.28E-02 
11 23      1.24E-03  2.47E-03  7.65E-03  1.24E-02  1.71E-02  2.27E-02 
12 24      3.89E-02  6.58E-02  1.39E-01  1.24E-01  2.74E-01  2.18E-01 
12 25      1.19E-03  2.42E-03  5.02E-03  6.02E-03  9.14E-03  9.37E-03 
12 26      1.44E-03  2.57E-03  5.50E-03  8.33E-03  1.63E-02  1.84E-02 
13 27      1.79E-03  3.57E-03  8.75E-03  1.36E-02  2.75E-02  3.05E-02 
14 28      5.26E-02  1.05E-01  1.62E-01  2.24E-01  1.51E-01  2.56E-01 
14 29      8.92E-04  1.38E-03  2.42E-03  2.26E-03  3.55E-03  3.51E-03 
14 30      1.00E-03  1.45E-03  2.64E-03  2.08E-03  3.62E-03  3.42E-03 
15 31       2.89E-04  4.44E-04  7.65E-04  7.69E-04  1.03E-03  1.15E-03 
16 32       2.15E-02  5.13E-02  6.63E-02  1.22E-01  6.12E-02  1.21E-01 
16 33       1.06E-04  1.83E-04  2.98E-04  4.34E-04  3.17E-04  5.04E-04 
16 34       9.70E-04  1.39E-03  2.38E-03  2.29E-03  1.98E-03  3.14E-03 
16 36       5.62E-07  7.82E-07  1.32E-06  1.70E-06  2.33E-06  2.28E-06 
17 35      5.91E-05  1.06E-04  1.39E-04  2.63E-04  1.45E-04  2.56E-04 
17 37      1.07E-05  2.66E-05  3.94E-05  9.79E-05  7.66E-05  1.09E-04 
18 36      3.79E-03  9.62E-03  1.11E-02  2.31E-02  1.12E-02  2.23E-02 
18 38      2.38E-04  6.03E-04  6.66E-04  1.71E-03  5.31E-04  9.80E-04 
18 40      1.41E-07  1.83E-07  2.88E-07  4.54E-07  6.09E-07  7.20E-07 
19 39       4.83E-05  8.47E-05  6.82E-05  2.17E-04  7.48E-05  1.08E-04 
19 40       1.48E-07  2.69E-07  7.21E-07  1.25E-06  2.16E-06  2.91E-06 
19 41       2.95E-06  7.42E-06  8.45E-06  2.38E-05  1.45E-05  2.08E-05 
20 40      3.38E-03  8.15E-03  9.27E-03  1.90E-02  1.00E-02  1.90E-02 
20 42      6.18E-06  2.10E-05  2.05E-05  7.30E-05  3.47E-05  5.09E-05 
20 43      1.18E-06  1.16E-06  2.94E-06  5.53E-06  9.31E-06  1.12E-05 
20 44      9.26E-05  4.23E-05  3.76E-05  3.73E-05  7.76E-05  5.38E-05 
20 46      1.82E-08  3.11E-08  3.38E-08  1.23E-07  7.81E-08  1.17E-07 
20 48      4.81E-07  5.57E-07  7.47E-07  9.30E-07  1.13E-06  1.30E-06 
21 45      3.29E-07  6.34E-07  1.33E-06  3.39E-06  5.32E-06  7.06E-06 
22 46      3.94E-06  1.59E-05  9.30E-06  4.01E-05  1.29E-05  2.07E-05 
22 47      2.28E-06  1.62E-06  2.17E-06  3.12E-06  4.77E-06  5.76E-06 
22 48      2.33E-04  1.51E-04  1.53E-04  1.81E-04  2.25E-04  2.22E-04 
22 49      3.44E-06  8.20E-06  9.86E-06  1.31E-05  1.19E-05  1.80E-05 
22 50      7.34E-07  9.99E-07  2.11E-06  3.82E-06  6.68E-06  9.02E-06 
23 50       1.14E-08  2.07E-08  5.64E-08  9.61E-08  1.08E-07  1.85E-07 
23 51       7.40E-06  2.18E-05  2.46E-05  2.89E-05  1.92E-05  3.10E-05 
24 50      2.10E-05  1.02E-04  8.58E-05  1.13E-04  4.88E-05  7.65E-05 
24 52      8.80E-04  1.62E-03  1.95E-03  2.84E-03  2.31E-03  3.79E-03 
24 53      6.11E-05  1.73E-04  1.99E-04  2.45E-04  1.87E-04  2.94E-04 
24 54      2.24E-06  3.16E-06  6.53E-06  1.05E-05  1.62E-05  1.98E-05 
25 55      2.93E-04  9.53E-04  1.10E-03  1.25E-03  8.31E-04  1.42E-03 
26 54      1.72E-03  7.07E-03  7.23E-03  7.41E-03  4.37E-03  6.96E-03 
26 56      1.04E-01  1.04E-01  1.06E-01  1.07E-01  1.08E-01  1.09E-01 
26 57      3.93E-03  3.20E-03  2.78E-03  2.09E-03  2.89E-03  1.66E-03 
26 58      5.07E-05  9.26E-05  2.60E-04  4.42E-04  7.13E-04  8.58E-04 
27 59      2.94E-04  2.15E-04  2.27E-04  2.67E-04  3.90E-04  3.74E-04 
28 58      3.64E-03  3.51E-03  2.93E-03  1.57E-03  1.41E-03  1.28E-03 
28 60      3.60E-03  2.05E-03  1.66E-03  1.06E-03  2.22E-03  6.36E-04 
28 61      2.10E-04  1.04E-04  1.02E-04  9.27E-05  1.95E-04  1.43E-04 
28 62      1.24E-03  6.51E-04  5.13E-04  3.51E-04  6.90E-04  5.62E-04 
28 64      4.32E-06  5.93E-06  1.56E-05  3.67E-05  7.37E-05  1.03E-04 
29 63      7.43E-06  6.65E-06  1.41E-05  3.97E-05  6.16E-05  7.95E-05 
29 65      4.47E-06  3.41E-06  1.02E-05  2.37E-05  5.55E-05  8.18E-05 
30 64      4.44E-05  1.88E-05  1.91E-05  2.28E-05  5.79E-05  5.36E-05 
30 66      4.22E-05  1.75E-05  1.95E-05  3.02E-05  6.12E-05  8.31E-05 
30 67      5.40E-07  6.16E-07  1.93E-06  6.33E-06  1.35E-05  1.96E-05 
30 68      1.91E-06  2.55E-06  7.01E-06  2.05E-05  4.34E-05  6.70E-05 
30 70      4.87E-08  5.81E-08  9.13E-08  1.73E-07  1.67E-07  2.70E-07 
