1	1	33.277		35.654		40.81		37.25		65.82		75.85
1	2	2.6613e-16	2.8514e-16	3.667e-05	2.038e-16	1.838e-13	2.4826e-13
2	3	2.5439e-05	2.7256e-05	0.0001122	3.183e-05	3.955e-05	4.226e-05
2	4	38.927		41.708		47.95		49.03		79.01		89.535
3	6	1.7782e-19	1.9052e-19	3.928e-15	1.583e-20	9.328e-18	1.2597e-17
3	7	2.7698e-10	2.9676e-10	5.766e-09	5.789e-10	5.522e-09	7.2574e-09
4	9	8.1777e-22	8.7618e-22	1.291e-14	2.838e-18	4.396e-21	0.0
5	10	1.1761e-14	1.2601e-14	6.64e-22	2.027e-14	3.622e-16	0.0
5	11	6.3522e-14	6.8059e-14	8.212e-09	1.441e-12	7.461e-09	1.008e-08
6	12	5.9033		6.325		2.297		4.241		1.886		1.0592
6	13	3.0411e-07	3.2583e-07	3.849e-07	3.491e-07	0.0004724	0.00063813
7	14	0.013294	0.014244	0.01039		0.0005839	0.01263		0.016859
7	15	5.7687e-07	6.1808e-07	4.813e-06	1.114e-06	0.01844		0.024914
8	16	49.523		53.06		44.23		55.95		44.31		40.223
8	17	3.6562e-05	3.9174e-05	4.546e-05	7.757e-07	0.01503		0.020306
8	18	2.3576e-07	2.526e-07	0.009985	1.054e-05	0.000401	0.00053808
9	19	9.7515e-09	1.0448e-08	6.489e-07	9.477e-08	2.038e-06	2.7202e-06
10	20	3.158		3.3836		1.19		3.748		4.697		5.0302
10	21	0.00082179	0.00088049	0.0001632	0.0002001	0.000938	0.0011971
10	22	0.00082971	0.00088897	0.001021	0.0002251	0.0007623	0.0009509
11	23	0.0087489	0.0093738	0.005762	0.006999	0.007159	0.0072152
12	24	2.5751		2.759		1.943		3.075		4.778		5.3759
12	25	0.0039856	0.0042703	0.001264	0.001268	0.01821		0.024158
12	26	0.0021622	0.0023166	0.00037488	0.00040675	0.005533	0.0073327
13	27	0.026196	0.028067	0.02038		0.01557		0.08621		0.11101
14	28	4.4476		4.7653		16.16		21.22		26.95		28.962
14	29	0.02075		0.022232	0.02192		0.01412		0.05876		0.074432
14	30	0.0031007	0.0033222	0.0002043	0.0009665	0.04331		0.058176
15	31	0.0021144	0.0022654	0.0004027	0.0007493	0.03101		0.041634
16	32	1.6848		1.8051		8.663		13.1		15.78		16.721
16	33	0.0059455	0.0063702	0.01221		0.006068	0.03382		0.043563
16	34	0.0054061	0.0057922	0.0007065	0.0001085	0.02719		0.036698
16	36	4.6753e-08	5.0093e-08	6.776e-10	4.821e-10	7.981e-07	1.0781e-06
17	35	0.00058144	0.00062297	0.0003045	0.0001266	0.01874		0.025275
17	37	0.00055284	0.00059233	0.001608	0.0008106	0.02464		0.033006
18	36	0.21941		0.23508		1.419		2.361		2.602		2.6866
18	38	0.0032526	0.0034849	0.0008338	1.949e-05	0.03902		0.052712
18	40	1.9268e-10	2.0644e-10	1.036e-11	4.287e-12	3.527e-09	4.7638e-09
19	39	0.00074599	0.00079928	0.0005029	4.59e-05	0.003196	0.0043019
19	40	3.119e-08	3.3418e-08	1.932e-08	1.618e-09	1.229e-08	1.6037e-08
19	41	0.00012618	0.00013519	0.0004032	0.0001947	0.001126	0.001453
20	40	0.1757		0.18825		1.319		2.316		2.752		2.9051
20	42	8.0056e-05	8.5774e-05	2.452e-05	7.254e-07	0.001085	0.0014657
20	43	6.6297e-08	7.1033e-08	1.136e-08	2.025e-07	0.001544	0.002086
20	44	2.6454e-05	2.8344e-05	0.0002037	0.0004717	0.009011	0.012009
20	46	2.0184e-11	2.1626e-11	1.413e-12	4.228e-12	4.766e-08	6.4391e-08
20	48	4.1074e-12	4.4008e-12	1.539e-16	2.751e-12	1.307e-14	0.0
21	45	2.5639e-06	2.747e-06	7.492e-06	8.101e-06	0.0006597	0.00088846
22	46	3.1591e-05	3.3847e-05	1.35e-05	9.282e-07	0.0007756	0.0010476
22	47	1.6334e-07	1.7501e-07	3.035e-07	3.49e-06	0.0007576	0.0010224
22	48	3.3087e-05	3.545e-05	0.006251	0.01148		0.01316		0.01375
22	49	3.9715e-06	4.2552e-06	0.000189	0.0003354	0.0006297	0.00073302
22	50	4.187e-12	4.4861e-12	4.479e-14	2.769e-12	1.593e-11	2.0551e-11
23	50	9.5835e-11	1.0268e-10	3.071e-11	8.221e-12	5.282e-10	7.1075e-10
23	51	5.6375e-06	6.0402e-06	0.0001992	0.0001308	0.001253	0.001647
24	50	0.00010573	0.00011328	0.0004818	0.0001232	0.006641	0.0089293
24	52	0.00023875	0.0002558	0.1335		0.1795		0.2561		0.28299
24	53	2.8133e-05	3.0142e-05	0.00556		0.006882	0.02902		0.036792
24	54	3.7481e-09	4.0158e-09	6.95e-09	5.898e-11	4.016e-06	5.4259e-06
25	55	0.00025565	0.00027391	0.01795		0.008977	0.2613		0.34989
26	54	0.0036497	0.0039104	0.1089		0.02332		5.676		7.6605
26	56	0.0049312	0.0052834	3.63		7.249		10.46		11.587
26	57	6.5642e-05	7.0331e-05	0.01768		0.08856		0.2978		0.37126
26	58	5.0047e-09	5.3622e-09	1.137e-08	8.554e-10	3.447e-05	4.6571e-05
27	59	2.1739e-06	2.3292e-06	1.422e-05	0.002465	0.01778		0.023157
28	58	0.00040565	0.00043462	0.0118		0.06394		3.785		5.0914
28	60	3.854e-06	4.1293e-06	1.475e-05	0.0227		0.1593		0.20726
28	61	8.8629e-10	9.496e-10	2.915e-09	0.0008263	2.826e-05	0.0
28	62	1.459e-10	1.5632e-10	9.618e-10	0.004245	1.708e-05	0.0
28	64	1.8361e-11	1.9673e-11	5.968e-15	1.358e-11	1.203e-11	1.1486e-11
29	63	6.7865e-11	7.2713e-11	2.862e-11	2.161e-05	8.094e-07	0.0
29	65	8.1399e-11	8.7213e-11	3.317e-13	1.872e-06	8.436e-09	0.0
30	64	1.2182e-10	1.3052e-10	1.117e-10	0.0001419	5.897e-06	0.0
30	66	1.6849e-10	1.8052e-10	1.885e-11	4.107e-05	2.257e-08	0.0
30	67	7.7256e-11	8.2774e-11	1.742e-13	4.517e-08	6.145e-09	0.0
30	68	1.4477e-10	1.5511e-10	3.459e-12	9.072e-09	6.217e-09	5.2147e-09
30	70	2.2407e-11	2.4008e-11	2.282e-15	1.398e-11	1.692e-12	0.0
