6	12	6.89E+00 4.54E+00 4.32E+00 4.33E+00 4.28E+00 4.21E+00 4.13E+00 4.01E+00 3.85E+00 3.74E+00 3.73E+00 3.71E+00 3.61E+00 3.49E+00 
6	13	2.33E-07 4.19E-07 7.44E-07 8.86E-07 8.48E-07 5.78E-07 3.59E-07 4.31E-07 2.30E-07 1.60E-07 1.64E-07 1.51E-07 1.38E-07 9.36E-08 
7	14	7.84E-05 5.04E-05 4.31E-05 4.15E-05 3.78E-05 3.46E-05 3.23E-05 3.10E-05 2.92E-05 2.75E-05 2.42E-05 1.95E-05 1.41E-05 1.10E-05 
7	15	7.27E-07 7.03E-06 6.69E-06 6.69E-06 6.57E-06 6.45E-06 6.41E-06 6.43E-06 6.51E-06 6.76E-06 6.99E-06 7.19E-06 7.03E-06 6.65E-06 
8	16	4.92E+01 4.58E+01 4.44E+01 4.68E+01 4.66E+01 4.59E+01 4.52E+01 4.39E+01 4.27E+01 4.11E+01 3.98E+01 3.81E+01 3.59E+01 3.34E+01 
8	17	4.27E-06 9.85E-07 7.76E-07 7.47E-07 6.60E-07 5.93E-07 5.38E-07 5.09E-07 4.73E-07 4.45E-07 4.13E-07 3.74E-07 3.26E-07 2.86E-07 
8	18	2.81E-06 9.94E-07 8.50E-07 8.15E-07 7.94E-07 7.84E-07 7.63E-07 8.10E-07 7.99E-07 8.23E-07 8.35E-07 8.50E-07 8.89E-07 8.47E-07 
9	19	1.63E-08 1.41E-08 1.28E-08 1.23E-08 1.23E-08 1.42E-08 1.61E-08 1.69E-08 1.93E-08 2.03E-08 2.40E-08 2.63E-08 2.76E-08 2.58E-08 
10	20	4.99E+00 4.04E+00 3.89E+00 4.22E+00 4.20E+00 4.10E+00 3.98E+00 4.06E+00 3.86E+00 3.90E+00 3.84E+00 3.88E+00 3.92E+00 3.73E+00 
10	21	5.04E-04 6.53E-05 2.10E-04 2.49E-04 2.99E-04 2.51E-04 1.82E-04 2.14E-04 1.42E-04 1.65E-04 1.45E-04 1.52E-04 1.68E-04 1.24E-04 
10	22	1.86E-04 2.01E-05 1.85E-05 1.97E-05 2.19E-05 2.27E-05 2.26E-05 2.37E-05 2.28E-05 2.46E-05 2.39E-05 2.41E-05 2.32E-05 2.02E-05 
11	23	9.13E-03 3.14E-03 2.95E-03 3.02E-03 2.96E-03 2.88E-03 2.82E-03 2.76E-03 2.69E-03 2.66E-03 2.68E-03 2.74E-03 2.81E-03 2.78E-03 
12	24	1.53E+00 3.02E+00 3.49E+00 3.67E+00 3.97E+00 4.24E+00 4.38E+00 4.41E+00 4.40E+00 4.31E+00 4.50E+00 4.55E+00 4.42E+00 4.38E+00 
12	25	3.78E-03 1.08E-03 3.07E-03 2.23E-03 3.36E-03 4.15E-03 4.70E-03 4.27E-03 4.57E-03 4.55E-03 4.04E-03 3.76E-03 3.39E-03 3.56E-03 
12	26	3.71E-03 1.74E-03 1.69E-03 1.73E-03 1.79E-03 1.92E-03 2.06E-03 1.92E-03 2.05E-03 1.91E-03 1.94E-03 1.86E-03 1.72E-03 1.73E-03 
13	27	3.37E-02 1.77E-02 1.66E-02 1.59E-02 1.67E-02 1.72E-02 1.77E-02 1.63E-02 1.66E-02 1.55E-02 1.50E-02 1.42E-02 1.29E-02 1.34E-02 
14	28	3.15E-01 7.97E+00 1.22E+01 1.36E+01 1.65E+01 1.92E+01 2.14E+01 2.31E+01 2.45E+01 2.52E+01 2.57E+01 2.57E+01 2.51E+01 2.42E+01 
14	29	1.96E-03 2.32E-02 2.25E-02 2.22E-02 2.14E-02 2.07E-02 2.05E-02 1.94E-02 1.94E-02 1.81E-02 1.78E-02 1.68E-02 1.52E-02 1.49E-02 
14	30	6.52E-03 2.74E-03 1.47E-03 1.33E-03 1.23E-03 1.23E-03 1.36E-03 1.20E-03 1.45E-03 1.35E-03 1.43E-03 1.37E-03 1.17E-03 1.35E-03 
15	31	2.71E-03 2.90E-03 2.16E-03 1.89E-03 1.64E-03 1.45E-03 1.36E-03 1.19E-03 1.23E-03 1.08E-03 1.17E-03 1.12E-03 9.53E-04 1.07E-03 
16	32	9.50E-04 2.43E+00 4.12E+00 4.70E+00 6.08E+00 7.58E+00 8.85E+00 9.97E+00 1.08E+01 1.14E+01 1.18E+01 1.20E+01 1.18E+01 1.14E+01 
16	33	3.84E-05 3.07E-03 3.50E-03 3.64E-03 3.73E-03 3.75E-03 3.74E-03 3.68E-03 3.59E-03 3.47E-03 3.34E-03 3.18E-03 2.96E-03 2.71E-03 
16	34	2.06E-04 6.36E-03 4.57E-03 2.94E-03 1.93E-03 1.22E-03 7.83E-04 4.98E-04 3.28E-04 2.12E-04 1.49E-04 1.08E-04 8.83E-05 9.78E-05 
16	36	1.12E-08 1.12E-08 7.86E-09 6.60E-09 5.53E-09 4.55E-09 3.82E-09 3.24E-09 2.73E-09 2.36E-09 2.05E-09 1.79E-09 1.59E-09 1.49E-09 
17	35	5.56E-05 9.16E-04 9.15E-04 7.54E-04 6.23E-04 4.97E-04 3.94E-04 3.09E-04 2.47E-04 1.97E-04 1.68E-04 1.48E-04 1.41E-04 1.55E-04 
17	37	1.05E-07 5.59E-04 6.41E-04 6.69E-04 6.85E-04 6.90E-04 6.86E-04 6.76E-04 6.55E-04 6.32E-04 6.08E-04 5.78E-04 5.36E-04 4.91E-04 
18	36	1.30E-05 3.04E-01 5.17E-01 5.97E-01 8.08E-01 1.07E+00 1.32E+00 1.54E+00 1.72E+00 1.85E+00 1.94E+00 1.99E+00 1.99E+00 1.93E+00 
18	38	4.89E-07 6.26E-03 5.28E-03 3.39E-03 2.23E-03 1.41E-03 8.96E-04 5.57E-04 3.56E-04 2.22E-04 1.48E-04 9.78E-05 7.17E-05 7.25E-05 
18	40	0	0	0	0	0	0	0	0	0	0	0	0	0	0
19	39	1.33E-07 1.16E-03 1.18E-03 9.69E-04 8.02E-04 6.39E-04 5.04E-04 3.90E-04 3.04E-04 2.39E-04 2.00E-04 1.78E-04 1.76E-04 2.05E-04 
19	40	2.51E-10 3.49E-08 3.02E-08 2.19E-08 1.69E-08 1.28E-08 9.67E-09 7.29E-09 5.46E-09 4.05E-09 3.17E-09 2.54E-09 2.27E-09 2.60E-09 
19	41	2.45E-10 1.24E-04 1.39E-04 1.45E-04 1.48E-04 1.48E-04 1.47E-04 1.44E-04 1.39E-04 1.33E-04 1.28E-04 1.22E-04 1.14E-04 1.06E-04 
20	40	1.46E-08 1.88E-01 3.17E-01 3.70E-01 5.29E-01 7.61E-01 9.93E-01 1.22E+00 1.40E+00 1.54E+00 1.63E+00 1.69E+00 1.71E+00 1.67E+00 
20	42	2.39E-10 1.69E-04 1.39E-04 8.72E-05 5.74E-05 3.67E-05 2.35E-05 1.50E-05 9.87E-06 6.42E-06 4.53E-06 3.39E-06 3.06E-06 3.79E-06 
20	43	3.56E-11 5.74E-08 4.23E-08 2.73E-08 1.94E-08 1.37E-08 1.00E-08 7.48E-09 1.29E-08 8.33E-08 2.55E-07 5.85E-07 1.20E-06 2.19E-06 
20	44	6.96E-11 3.82E-05 6.67E-05 7.81E-05 1.22E-04 1.99E-04 2.85E-04 3.76E-04 4.58E-04 5.65E-04 7.05E-04 9.06E-04 1.21E-03 1.61E-03 
20	46	0	0	0	0	0	0	0	0	0	0	0	0	0	0
20	48	0	0	0	0	0	0	0	0	0	0	0	0	0	0
21	45	1.40E-11 2.50E-06 2.90E-06 3.03E-06 3.20E-06 3.36E-06 3.48E-06 3.57E-06 3.59E-06 3.59E-06 3.57E-06 3.51E-06 3.42E-06 3.33E-06 
22	46	2.29E-11 7.36E-05 6.75E-05 4.68E-05 3.39E-05 2.49E-05 1.86E-05 1.41E-05 1.10E-05 8.54E-06 6.86E-06 5.36E-06 4.01E-06 3.03E-06 
22	47	5.08E-12 3.02E-07 3.99E-07 3.24E-07 4.00E-07 5.35E-07 6.61E-07 7.77E-07 8.66E-07 1.24E-06 2.05E-06 3.56E-06 6.27E-06 1.06E-05 
22	48	6.41E-12 5.48E-05 4.50E-04 5.71E-04 1.46E-03 3.45E-03 6.06E-03 9.04E-03 1.14E-02 1.35E-02 1.52E-02 1.69E-02 1.85E-02 2.00E-02 
22	49	5.16E-12 7.62E-06 3.05E-05 3.37E-05 6.25E-05 1.15E-04 1.80E-04 2.54E-04 3.05E-04 3.44E-04 3.71E-04 3.90E-04 4.01E-04 4.00E-04 
22	50	0	0	0	0	0	0	0	0	0	0	0	0	0	0
23	50	0	0	0	0	0	0	0	0	0	0	0	0	0	0
23	51	1.10E-12 1.74E-05 6.49E-05 6.54E-05 1.11E-04 1.92E-04 2.95E-04 4.17E-04 4.76E-04 5.04E-04 5.15E-04 5.16E-04 5.09E-04 4.95E-04 
24	50	2.35E-13 3.15E-04 4.65E-04 3.84E-04 3.99E-04 4.34E-04 4.87E-04 5.65E-04 5.68E-04 5.42E-04 5.15E-04 4.85E-04 4.51E-04 4.20E-04 
24	52	1.16E-12 7.01E-04 6.16E-03 7.76E-03 2.24E-02 6.24E-02 1.25E-01 2.06E-01 2.67E-01 3.16E-01 3.52E-01 3.79E-01 3.97E-01 4.00E-01 
24	53	1.60E-13 1.23E-04 5.75E-04 6.36E-04 1.32E-03 2.84E-03 5.14E-03 8.34E-03 1.04E-02 1.19E-02 1.29E-02 1.36E-02 1.40E-02 1.40E-02 
24	54	4.63E-13 1.90E-08 1.75E-08 1.13E-08 7.36E-09 5.23E-09 4.31E-09 4.19E-09 3.54E-09 2.84E-09 2.33E-09 1.91E-09 1.58E-09 1.31E-09 
25	55	8.31E-14 7.02E-04 2.75E-03 2.91E-03 5.43E-03 1.11E-02 2.02E-02 3.49E-02 4.26E-02 4.63E-02 4.82E-02 4.85E-02 4.85E-02 4.75E-02 
26	54	3.37E-15 2.46E-02 4.49E-02 4.06E-02 4.94E-02 6.44E-02 8.79E-02 1.30E-01 1.42E-01 1.41E-01 1.38E-01 1.31E-01 1.24E-01 1.18E-01 
26	56	1.31E-13 1.17E-02 1.02E-01 1.29E-01 4.07E-01 1.31E+00 2.98E+00 5.82E+00 9.55E+00 1.42E+01 1.90E+01 2.46E+01 3.17E+01 3.96E+01 
26	57	2.80E-14 2.40E-04 1.08E-03 1.21E-03 2.63E-03 6.37E-03 1.33E-02 2.77E-02 6.97E-02 1.41E-01 2.26E-01 3.39E-01 5.04E-01 7.16E-01 
26	58	5.78E-14 1.08E-08 1.12E-08 9.34E-09 8.04E-09 7.18E-09 6.47E-09 6.05E-09 5.35E-09 4.41E-09 3.72E-09 2.94E-09 2.32E-09 1.88E-09 
27	59	1.56E-14 3.67E-06 4.09E-06 4.34E-06 4.60E-06 5.05E-06 5.59E-06 1.31E-05 6.67E-04 2.28E-03 4.47E-03 7.62E-03 1.25E-02 1.93E-02 
28	58	6.40E-17 1.34E-03 2.48E-03 2.46E-03 3.36E-03 5.11E-03 8.24E-03 1.84E-02 8.66E-02 2.07E-01 3.59E-01 5.77E-01 9.30E-01 1.47E+00 
28	60	1.58E-14 7.16E-06 7.18E-06 6.73E-06 6.24E-06 5.94E-06 5.55E-06 3.69E-05 9.03E-03 3.67E-02 7.61E-02 1.32E-01 2.13E-01 3.13E-01 
28	61	4.68E-15 8.05E-10 8.87E-10 9.11E-10 9.40E-10 9.90E-10 1.04E-09 1.91E-06 5.42E-04 2.22E-03 4.60E-03 7.99E-03 1.29E-02 1.92E-02 
28	62	2.05E-14 1.47E-10 2.18E-10 1.97E-10 2.45E-10 3.62E-10 6.33E-10 7.97E-06 2.65E-03 1.15E-02 2.51E-02 4.59E-02 8.04E-02 1.33E-01 
28	64	0	0	0	0	0	0	0	0	0	0	0	0	0	0
29	63	2.55E-15 3.92E-12 4.33E-12 4.78E-12 5.04E-12 5.55E-12 6.41E-12 2.90E-09 1.49E-06 7.14E-06 1.62E-05 3.04E-05 5.39E-05 8.93E-05 
29	65	3.35E-15 8.19E-15 1.01E-14 1.75E-14 1.89E-14 1.80E-14 1.48E-14 3.06E-10 7.71E-07 4.47E-06 1.07E-05 2.04E-05 3.53E-05 5.50E-05 
