6	12	0.03420605	0.0682877867	0.112539650007	0.15827623101	0.2074285032	0.17968210028	1.5220565	1.5216515	0.7285253
6	13	4.890476e-07	1.8445677e-06	2.21166307e-06	4.630033615e-06	0.0001865532	3.162717551e-06	0.03082912	0.03030201	3.3342356e-06
7	14	8.557076e-07	1.23535609e-06	3.255644315e-06	1.568244561e-05	0.010217135	7.320630523e-06	0.10549		0.2064987	6.061093e-06
7	15	1.1239948e-06	3.977167188e-06	1.486876823e-05	3.898766903e-05	0.00016879289	5.373971459e-05	5.4543653e-05	7.7927535e-05	3.76824151e-05
8	16	0.03398866	0.169635128577	0.539898586005	1.17384890822	1.9119764017	3.18868831013	6.811954	5.8698892	14.959081
8	17	2.972281e-07	1.11144903e-06	4.072878428e-06	9.737488556e-06	1.7367013e-05	1.657640534e-05	0.0005762384	0.000172801	1.418537e-05
8	18	1.0126712e-08	8.0473004e-08	1.701849790e-07	2.318225440e-07	5.10209363e-07	2.416782687e-07	1.3372886e-06	3.37474e-06	1.380329e-06
9	19	9.692011e-07	8.940259552e-08	9.783777714e-06	1.528885616e-05	9.70513271e-06	2.136158916e-05	1.8338429e-05	1.858206874e-05	2.46108426e-06
10	20	0.011692103	0.0026959290018	0.154649680069	0.244304431172	0.195855033237	0.5714927765	0.6559452	0.8641644303	0.982772
10	21	4.923378e-06	4.582679494e-07	6.481654055e-05	7.222386908e-05	2.47284731e-05	0.0001462995259	0.00455684	0.00021853517	8.951956e-05
10	22	3.179612e-06	1.55518551e-07	1.366355879e-05	1.166629664e-05	5.97697771e-06	4.06496341e-05	0.011603778	6.904411e-05	5.736708e-05
11	23	0.00012689001	1.998053591e-06	0.001277432600	0.0012106690110	0.000433614076	0.0016691900185	0.0010618628	0.001286724811	0.0004218411862
12	24	0.001996202	0.0023272970000	0.03626908	0.0681900700014	0.145026200062	0.156540308635	0.120315029	0.327739012255	0.3753618
12	25	2.270702e-05	9.475149469e-06	0.000399560600	0.0005469612046	0.000742197872	0.0009576654835	0.012527156	0.00207269322	0.0008721584
12	26	2.387602e-05	5.058068005e-06	0.000538783300	0.0007894413049	0.000878781524	0.0010730696438	0.013507811	0.0023288610578	0.00039662595
13	27	6.648887e-05	0.000130291290	0.0010118903	0.0015876650000	0.004716801002	0.0033216310005	0.00229991955	0.0080162158998	0.003998980484
14	28	0.013072193	0.068844830000	0.0358404527008	0.0692242480045	0.140429980007	0.0893133700094	0.0650606868	0.17671185214	0.75386686543
14	29	2.0723223e-05	0.0001854504592	0.000209733239	0.0003421745302	0.001046728500	0.0005187548004	0.000390388923	0.0012175042979	0.0025358361715
14	30	1.7868268e-05	8.912019740e-05	0.000223705371	0.0002770276310	0.001081300301	0.0003824823030	0.000279124254	0.0011778049850	0.000695280648209
15	31	2.691987e-05	0.000263348501	9.623104505e-05	0.0001468425023	0.000471151400	0.0001901685014	0.000137950748	0.0004680829751	0.000780605308566
16	32	0.012374256	0.0754082700112	0.0220232304517	0.0450663293513	0.086124349620	0.0570093088561	0.0416349984297	0.112705913312	0.511853960726
16	33	2.5157616e-05	0.0004623620740	4.739340625e-05	7.898135783e-05	0.000148970641	7.877504068e-05	5.656235706e-05	0.0001123358033	0.000993323319935
16	34	0.00011691793	0.0013774585148	9.648608471e-05	0.0001160280977	0.000343694560	9.509866023e-05	7.280317826e-05	0.0002092838514	0.000933892233841
16	36	4.6494917e-09	5.421151808e-08	6.401163260e-09	1.144236595e-08	2.80211868e-08	9.266018995e-09	6.1344017e-09	1.218720907e-08	5.852374241e-08
17	35	2.2706145e-05	0.000363259916	1.693920901e-05	2.614973223e-05	6.75640771e-05	3.258674329e-05	2.510971010e-05	4.717400095e-05	0.000264027857178
17	37	5.53642e-06	0.000133801745	4.693690618e-06	8.119011004e-06	1.52160708e-05	8.644735732e-06	6.489821424e-06	1.112480370e-05	0.000165614367675
18	36	0.0019256134	0.018150606021	0.003829311481	0.0075756850204	0.0140644966	0.0102570653935	0.007373544387	0.0184277223302	0.0678166251074
18	38	0.000147431307	0.001699563105	3.460240523e-05	4.394290372e-05	0.000159935854	3.317885246e-05	2.691329848e-05	9.066186971e-05	0.00121754094378
18	40	9.0577937e-11	3.295225764e-09	4.816920900e-11	8.383628552e-11	1.99023808e-10	6.024192502e-11	2.950536e-10	2.4902058e-10	1.2365095e-09
19	39	2.6676927e-05	0.0004531663202	1.051547126e-05	2.237888358e-05	4.11689825e-05	1.580285202e-05	1.214121921e-05	4.316798201e-05	0.000289759579669
19	40	1.7609429e-08	4.092291034e-07	5.905296126e-09	1.084761771e-08	2.99087622e-08	7.756461881e-09	5.495632278e-09	1.434427901e-08	1.0213856288e-07
19	41	1.4491837e-06	6.001087575e-05	1.216402443e-06	2.355147439e-06	4.96009832e-06	3.918440456e-06	2.187837118e-06	3.375997794e-06	5.95461123592e-05
20	40	0.0014748397	0.0073700160045	0.0033272673935	0.0064109591240	0.011504843216	0.0092015301673	0.0065553059667	0.0153096671732	0.0490129811719
20	42	4.3408938e-06	9.876699212e-05	8.455582185e-07	1.082004512e-06	3.67154299e-06	9.710431540e-07	6.565535295e-07	2.252552835e-06	2.86481701153e-05
20	43	1.06144747e-06	1.453315676e-06	8.257904018e-07	1.466551457e-06	6.11094380e-07	8.720585847e-07	2.345609787e-07	2.858867362e-07	1.35725896531e-06
20	44	1.628858864e-05	2.412455339e-05	2.814308425e-05	4.313599488e-05	4.65704664e-05	4.276162123e-05	3.379829933e-05	4.476887233e-05	4.16884911561e-05
20	46	8.2183211e-13	7.633944e-12	1.352405e-12	2.955669315e-13	3.09542023e-12	2.540481300e-13	4.688733e-11	1.2359029e-11	9.468773e-12
20	48	1.149546537e-16	9.091896e-13	1.933422e-12	3.261153093e-17	9.17930833e-14	1.562133800e-15	5.742002e-12	8.977076e-14	3.551007e-13
21	45	6.71621782e-07	1.288914475e-06	1.315753027e-06	1.056029141e-06	5.61834650e-07	4.492456873e-07	2.509660452e-07	1.001345883e-07	2.09735950037e-06
22	46	3.1021713e-06	1.397067018e-05	1.079894695e-06	9.522551980e-07	2.30351528e-06	5.325161402e-07	4.153058143e-07	1.110771648e-06	1.95872591461e-05
22	47	1.99840091e-06	2.313035557e-06	2.409740933e-06	4.558075777e-06	1.48586317e-06	1.420027178e-06	9.331358554e-07	5.712084102e-07	3.98151437513e-06
22	48	5.615871914e-05	8.01723203e-05	0.0001159262314	0.0001922675201	0.000238966140	0.0002091731004	0.0001533639299	0.0002476610431	0.000134124037892
22	49	3.309889364e-06	4.300365475e-06	5.623446833e-06	6.920052126e-06	8.03616720e-06	5.818350348e-06	3.875102416e-06	7.172522655e-06	8.51813366844e-06
22	50	3.5432865e-11	1.451809422e-10	1.842778690e-11	4.688115458e-11	4.79092433e-11	1.455962752e-11	2.480369e-10	2.8826732e-10	1.23881582e-09
23	50	2.70030431e-09	7.034751643e-09	1.932397345e-09	6.383468369e-09	3.56524318e-09	8.649871826e-10	4.027625590e-10	2.043155961e-09	1.43026829777e-07
23	51	5.74785404e-06	8.252178731e-06	1.222810034e-05	2.031549002e-05	1.99394600e-05	1.675137006e-05	1.164592928e-05	1.460543421e-05	1.84105328443e-05
24	50	1.24159025e-05	1.771288026e-05	9.371961270e-06	2.208975000e-05	1.68130900e-05	5.727660308e-06	3.658981078e-06	1.656200718e-05	0.00013176072394
24	52	0.0002828960258	0.000504458846	0.0008081111002	0.0013992720000	0.00231552240	0.0019896440000	0.001418087064	0.002922010071	0.000793378021713
24	53	2.449636872e-05	4.280216656e-05	5.525731002e-05	0.0001049053000	0.000136367270	0.0001064051000	6.845500977e-05	0.0001602630132	0.000103421506001
24	54	1.48615815e-07	2.421159024e-07	1.941404894e-07	7.678880118e-07	3.87304639e-07	1.284287030e-07	5.437485648e-08	3.469341488e-07	1.52894907253e-06
25	55	0.0001247975795	0.0001855049454	0.0001993465000	0.0004763022000	0.000452581100	0.0002771351000	0.0001627161143	0.0005888290116	0.000489764002156
26	54	0.000506170121	0.0007312803034	0.0005577517000	0.0017250231	0.0012216536	0.0004540174000	0.0002635910001	0.0017609700033	0.00673268001151
26	56	0.0284731004565	0.0322721724093	0.05405651	0.12318931	0.145848518	0.1316486	0.100835600034	0.18558100002	0.0597176000016
26	57	0.0014600782711	0.0014374234744	0.001985524	0.0042185954	0.00344279099	0.002951275	0.0021522290088	0.0039899700053	0.0026630400003
26	58	1.703055523e-07	1.35719697e-07	7.773027073e-08	9.349129005e-07	8.19595651e-08	6.210310005e-08	3.050924358e-08	1.521621855e-07	2.02663319823e-06
27	59	0.0003514314248	0.0002393144875	0.00022446135	0.0003912587048	0.000211382021	0.00025341483	0.0002026724091	8.594080379e-05	0.000237689200097
28	58	0.0006709536534	0.0004253176836	0.000295386	0.00228638	0.00046718673	0.0004871166	0.0003369030000	0.0012245200003	0.00487558000023
28	60	0.0017857508796	0.0015945043005	0.002051743	0.0035163470659	0.003729387989	0.003416762	0.0027487810121	0.0036589400036	0.00158939100008
28	61	4.529647407e-05	4.310753324e-05	6.370369000e-05	0.0001545252195	0.000105551887	7.610689e-05	5.551410454e-05	0.0001619070015	8.88668000106e-05
28	62	0.0002829723000	0.0002440916050	0.0002494034	0.0007117980091	0.000204225051	0.0001016438	6.985940928e-05	0.0004313990023	0.000727165000016
28	64	3.442831106e-13	8.900965191e-13	1.5718052e-12	3.804589947e-12	3.97709138e-12	6.434158190e-12	3.40629e-11	5.3031387e-12	1.288777252e-12
29	63	3.583838300e-05	2.707448030e-05	4.934589900e-05	1.952363005e-05	6.59025680e-05	5.603449e-05	3.644360866e-05	2.112551126e-06	3.67574700511e-06
29	65	7.858874000e-07	7.439362081e-07	9.031824000e-07	1.988660000e-06	1.99519900e-06	2.084942e-06	1.711438353e-06	1.973421251e-06	1.68085600406e-06
