1	1	6.1549		6.7872		7.5261		7.9342		5.3161		8.75		3.5514
1	2	8.3408e-15	1.0229e-14	4.1634e-16	1.1951e-15	2.0724e-16	1.081e-15	7.7069e-17
2	3	0.00019582	0.00021809	0.0002298	0.00023792	0.0002025	0.00021168	5.0543e-05
2	4	4.2978		5.2495		6.1136		6.763		5.3453		8.3592		4.7061
3	6	1.3213e-17	3.169e-17	2.7816e-19	1.0916e-22	9.0882e-19	5.9014e-23	3.4727e-22
3	7	5.6279e-11	7.0931e-13	2.799e-13	4.3161e-12	2.5534e-13	4.3324e-13	5.7166e-13
4	9	4.6117e-19	1.5459e-18	7.5642e-18	4.7186e-23	3.1044e-19	4.9156e-23	7.032e-23
5	10	1.1197e-10	1.3553e-10	1.4222e-10	1.4707e-10	4.1038e-11	1.5448e-10	6.9593e-14
5	11	4.2838e-10	6.0192e-10	6.4068e-10	6.5399e-10	1.6969e-10	6.9194e-10	3.2211e-14
6	12	0.10728		0.065066	0.1361		0.24494		0.15322		0.25018		0.59576
6	13	0.0010017	0.0011515	0.001382	0.0014462	0.00026369	0.001919	0.00043106
7	14	0.048031	0.061489	0.066102	0.071907	0.0561		0.10231		0.058105
7	15	4.0866e-05	5.969e-05	1.5269e-05	0.00022435	6.8448e-05	6.5549e-06	5.7164e-06
8	16	0.21815		0.16165		0.7703		1.0528		3.0055		3.2162		7.3334
8	17	0.00086843	0.0008122	0.00087587	0.00095078	0.00098584	0.0016879	0.00097219
8	18	0.0035013	0.0025381	0.011743	0.0052196	0.0039481	0.0061792	0.012312
9	19	1.4193e-05	1.6414e-05	4.4733e-06	6.0478e-05	0.00024335	7.8086e-06	5.2596e-06
10	20	0.034723	0.033926	0.14937		0.39363		0.99977		0.93655		2.2081
10	21	0.00022525	0.00013014	0.00020191	0.001808	0.0024947	0.0029717	0.0049676
10	22	0.0045196	0.0017173	0.0066306	0.0090357	0.021713	0.018557	0.010915
11	23	0.0009251	0.0010625	0.0029313	0.016816	0.029582	0.034686	0.077638
12	24	0.025164	0.037902	0.10264		0.071565	0.19056		0.18806		0.31041
12	25	0.0025629	0.001465	0.0070806	0.014417	0.035886	0.031236	0.072768
12	26	0.0021827	0.0017264	0.005899	0.0088723	0.030418	0.027947	0.073376
13	27	0.0014966	0.002442	0.010024	0.0099015	0.031969	0.034095	0.08298
14	28	0.074844	0.08383		0.10097		0.063245	0.34324		0.24021		0.24133
14	29	0.0014904	0.0021974	0.0069624	0.002043	0.0066359	0.0073793	0.0099872
14	30	0.0015498	0.0027467	0.0068232	0.0024373	0.0050093	0.010619	0.0097619
15	31	0.00037484	0.00070613	0.0017414	0.00065755	0.0018212	0.0025604	0.0035247
16	32	0.037304	0.034702	0.036919	0.028073	0.18144		0.10829		0.10897
16	33	0.00019996	0.00024348	0.00035104	0.00022639	0.00082006	0.00048054	0.00048123
16	34	0.0016413	0.0015262	0.0021935	0.0017018	0.0033406	0.0037573	0.0034199
16	36	5.368e-06	2.5353e-06	1.1979e-05	9.1853e-06	3.2845e-05	5.0875e-05	9.3969e-05
17	35	0.00011463	0.00013661	0.00017505	0.00012479	0.00036273	0.00023313	0.00027636
17	37	3.0261e-05	2.49e-05	5.6487e-05	8.4154e-05	0.00030187	0.00026257	0.0005637
18	36	0.006288	0.0049015	0.0054756	0.0046645	0.028162	0.01805		0.018132
18	38	0.00068595	0.00065096	0.00078342	0.00067413	0.0026859	0.0016404	0.0016522
18	40	8.9579e-07	1.0546e-06	1.3036e-06	1.4149e-06	2.9869e-06	7.4129e-06	5.6713e-06
19	39	5.0195e-05	6.9965e-05	7.674e-05	7.3912e-05	0.00026562	0.00012876	0.00011386
19	40	1.2774e-07	6.4335e-08	1.3779e-07	9.3016e-08	5.5536e-07	2.9414e-07	4.0488e-07
19	41	4.6767e-06	5.8456e-06	7.7447e-06	9.0337e-06	4.5766e-05	1.9735e-05	4.52e-05
20	40	0.0049248	0.0040141	0.0045418	0.0037369	0.019789	0.015672	0.015568
20	42	1.388e-05	1.752e-05	2.0708e-05	1.7438e-05	7.9318e-05	4.1513e-05	4.4752e-05
20	43	1.3591e-06	1.5016e-06	2.1155e-06	2.5164e-06	3.6602e-06	2.9703e-06	4.9259e-06
20	44	3.5148e-05	3.5539e-05	5.4521e-05	5.7911e-05	3.7625e-05	4.0428e-05	4.6666e-05
20	46	2.1228e-07	3.3257e-07	7.8292e-07	6.1542e-07	1.5267e-06	1.1781e-06	2.8639e-06
20	48	1.5789e-06	1.8558e-06	2.7294e-06	2.3464e-06	2.17e-06	1.417e-05	2.434e-06
21	45	7.2922e-07	9.2999e-07	1.2607e-06	1.2999e-06	3.6873e-06	2.575e-06	6.147e-06
22	46	6.0115e-06	8.6414e-06	9.4969e-06	8.5321e-06	2.4307e-05	1.8566e-05	2.1119e-05
22	47	4.4106e-06	3.4438e-06	5.3376e-06	6.5516e-06	4.9875e-06	8.8074e-06	6.7453e-06
22	48	8.1253e-05	0.00010716	0.00013226	0.00011478	0.00020881	0.0002526	0.00024413
22	49	4.7402e-06	5.07e-06	6.1101e-06	6.372e-06	1.0494e-05	1.9243e-05	2.4215e-05
22	50	2.3288e-06	2.407e-06	3.9059e-06	5.8219e-06	1.5086e-05	9.9116e-06	3.8125e-05
23	50	2.027e-08	2.6618e-08	6.5967e-08	3.8872e-08	9.9402e-08	2.4858e-07	1.8738e-07
23	51	1.1783e-05	9.9548e-06	1.1404e-05	1.3311e-05	1.1947e-05	2.5043e-05	2.2418e-05
24	50	2.2347e-05	3.9455e-05	3.6765e-05	3.1035e-05	5.0403e-05	7.7069e-05	9.2132e-05
24	52	0.00064836	0.0012686	0.0012802	0.0010747	0.0034954	0.0037629	0.003781
24	53	6.2355e-05	9.2703e-05	9.6179e-05	8.2834e-05	9.9476e-05	0.00027365	0.00024945
24	54	6.5534e-06	6.8036e-06	1.5177e-05	1.661e-05	2.9987e-05	5.1189e-05	5.6648e-05
25	55	0.00028097	0.00038003	0.0004048	0.00035997	0.00034727	0.0010403	0.00082813
26	54	0.0019182	0.0024593	0.002488	0.0022228	0.0026253	0.0068704	0.0064161
26	56	0.083171	0.085147	0.08723		0.088653	0.084558	0.091808	0.080798
26	57	0.0022198	0.0019853	0.0026718	0.0023405	0.00087907	0.0028228	0.00097491
26	58	0.00012129	0.00010956	0.00058625	0.00049571	0.00089068	0.0023929	0.0014838
27	59	0.00014089	9.0001e-05	0.00018197	0.00029226	0.00040057	0.00053929	0.00069448
28	58	0.0022254	0.0011447	0.0027045	0.0018391	0.00077406	0.0015473	0.00088312
28	60	0.0021307	0.0018739	0.0021246	0.0024896	0.00091424	0.00061213	0.0011977
28	61	8.2133e-05	0.00012356	0.00010384	0.00014899	0.00020532	0.00010974	0.0003914
28	62	0.00022748	0.00016403	0.00046385	0.0003857	0.0005769	0.00022202	0.0011738
28	64	3.3504e-05	1.723e-05	2.9898e-05	0.00018726	0.00083964	7.1085e-05	0.0022231
29	63	1.827e-05	1.2983e-05	1.9042e-05	0.00012755	0.00036505	8.5573e-05	0.00068521
29	65	1.0257e-05	7.177e-06	7.6246e-06	4.4017e-05	0.00022003	1.3005e-05	0.00064926
30	64	9.6744e-05	6.7701e-05	5.7385e-05	0.0001197	5.6462e-05	1.8698e-05	0.000168
30	66	1.7363e-05	1.7835e-05	2.1714e-05	6.2561e-05	0.00033395	1.5447e-05	0.001068
30	67	2.8781e-06	1.7826e-06	2.0318e-06	1.2929e-05	8.1037e-05	2.7248e-06	0.00024774
30	68	1.3218e-05	7.4935e-06	1.1662e-05	6.0273e-05	0.00046323	1.2653e-05	0.00155
30	70	1.8326e-06	5.5901e-07	5.1277e-07	1.6173e-06	1.1377e-05	3.69e-07	2.6542e-05
