1	1	5.1186		5.6689		5.9895		6.0703		5.8689		7.3355		6.7856
1	2	1.5103e-14	3.2399e-14	2.064e-15	6.0414e-14	3.7631e-14	5.0032e-16	1.6921e-16
2	3	0.00028196	6.1006e-05	0.00029703	0.00019781	0.00024322	0.00027872	0.00013887
2	4	4.6931		5.2285		5.7247		5.9308		6.0842		7.6718		9.1696
3	6	4.5184e-17	1.0945e-16	1.142e-21	4.4447e-21	1.2688e-21	1.0142e-21	3.1753e-19
3	7	3.8965e-12	1.1732e-08	1.3899e-12	1.8511e-11	2.4455e-11	1.0645e-07	5.0299e-13
4	9	2.0994e-18	1.0332e-15	1.1471e-22	1.2573e-21	1.3883e-22	2.2122e-21	1.0898e-22
5	10	3.2277e-10	2.319e-10	3.704e-10	3.8408e-10	2.6688e-10	3.9016e-10	1.8334e-10
5	11	1.3695e-09	9.9988e-10	1.6418e-09	1.2725e-09	8.7634e-10	1.7566e-09	8.2564e-10
6	12	0.11521		0.09238		0.21587		0.31281		0.20325		0.15193		0.46481
6	13	0.0025381	0.00088292	0.0032449	0.0033053	0.0018813	0.0040076	0.0022357
7	14	0.10507		0.15926		0.12009		0.1281		0.13638		0.18875		0.29237
7	15	0.00010073	2.9743e-05	3.7152e-05	1.004e-05	0.00061209	0.0036936	4.5051e-05
8	16	0.35594		0.72722		1.5312		1.9193		3.0091		5.599		6.8622
8	17	0.0032654	0.0038326	0.0043085	0.0045422	0.0046558	0.0088693	0.014085
8	18	0.013034	0.013726	0.032881	0.037884	0.016625	0.015377	0.040735
9	19	3.3109e-05	1.2629e-05	1.3276e-05	1.8775e-05	0.00019164	0.00025777	4.1742e-05
10	20	0.051605	0.090121	0.62727		0.637		0.95846		0.19856		1.9787
10	21	0.00049393	0.00079639	0.003673	0.0052575	0.0034896	0.00043402	0.0073381
10	22	0.0091702	0.010251	0.016323	0.022386	0.027345	0.024288	0.036996
11	23	0.001923	0.0024753	0.035631	0.041984	0.041304	0.0080709	0.12331
12	24	0.032151	0.08109		0.1113		0.11235		0.20001		0.22906		0.29496
12	25	0.00407		0.0096336	0.045903	0.055674	0.065768	0.032612	0.18223
12	26	0.0044912	0.0095298	0.032786	0.041069	0.059499	0.047273	0.21505
13	27	0.0034862	0.011547	0.024354	0.029237	0.045281	0.059945	0.13968
14	28	0.073674	0.11876		0.049133	0.11611		0.31502		0.55198		0.29836
14	29	0.0046076	0.013814	0.0041434	0.0070213	0.013521	0.10032		0.025964
14	30	0.0050714	0.012206	0.0032476	0.0087076	0.012708	0.11629		0.02209
15	31	0.0010423	0.0027295	0.0014113	0.0024592	0.0037252	0.027568	0.008962
16	32	0.034852	0.042682	0.020653	0.05119		0.12472		0.18719		0.12213
16	33	0.00027941	0.00040715	0.0001894	0.00045833	0.00080156	0.0026027	0.00067446
16	34	0.0022974	0.0038272	0.0016736	0.0047465	0.0063058	0.024303	0.0079725
16	36	2.3401e-05	3.2486e-05	4.145e-05	6.0869e-05	8.8004e-05	0.00065897	0.00030239
17	35	0.00016336	0.0002489	0.00014471	0.00022943	0.00038666	0.0022205	0.00044229
17	37	6.8993e-05	0.00010655	0.00027133	0.00038504	0.00056424	0.00090463	0.0015798
18	36	0.0058025	0.0063527	0.0036072	0.0081927	0.016288	0.020314	0.019175
18	38	0.0011748	0.001485	0.00098736	0.0017773	0.0037228	0.0067814	0.0037995
18	40	3.7251e-06	5.9877e-06	8.2798e-06	9.7536e-06	1.003e-05	3.2957e-05	3.6126e-05
19	39	0.00011129	0.00013667	0.00012688	0.00015878	0.00025127	0.00033366	0.00028175
19	40	3.6993e-07	3.8727e-07	1.74e-07	3.0932e-07	5.642e-07	2.0477e-06	8.5004e-07
19	41	1.2832e-05	1.8273e-05	3.5474e-05	4.4085e-05	6.1014e-05	7.0508e-05	8.3142e-05
20	40	0.0047605	0.0051333	0.0027624	0.0066639	0.011182	0.01566		0.015813
20	42	3.1611e-05	3.5254e-05	2.8308e-05	4.7169e-05	9.4185e-05	0.00018559	0.00010264
20	43	3.5523e-06	4.7637e-06	6.0236e-06	6.6091e-06	8.2376e-06	9.0391e-06	1.4711e-05
20	44	6.6183e-05	7.4976e-05	0.00010599	7.4796e-05	8.2809e-05	0.00010082	0.00014511
20	46	9.1138e-07	2.3199e-06	2.3185e-06	3.1148e-06	4.4445e-06	1.5441e-05	1.0868e-05
20	48	3.8189e-06	4.4165e-06	5.0671e-06	5.3608e-06	5.6512e-06	8.0807e-06	9.3669e-06
21	45	1.9452e-06	3.6566e-06	3.8385e-06	4.8998e-06	7.5032e-06	1.4346e-05	2.0352e-05
22	46	1.5432e-05	1.3862e-05	1.26e-05	1.9974e-05	3.5605e-05	7.0886e-05	4.5864e-05
22	47	9.1405e-06	8.7109e-06	1.1576e-05	1.0439e-05	1.2356e-05	2.1908e-05	2.0848e-05
22	48	0.00013638	0.00015413	0.00012677	0.00016067	0.00019072	0.00029218	0.00032311
22	49	7.8161e-06	9.8176e-06	1.0137e-05	1.7091e-05	2.1301e-05	2.7119e-05	4.9679e-05
22	50	5.9657e-06	1.0183e-05	1.8182e-05	2.4397e-05	3.5245e-05	7.5043e-05	0.00011063
23	50	4.549e-08	7.6993e-08	5.1009e-08	1.349e-07	2.1275e-07	3.9176e-07	2.5485e-07
23	51	2.0287e-05	2.0548e-05	1.8352e-05	2.5587e-05	2.7357e-05	4.197e-05	4.7351e-05
24	50	3.7231e-05	8.0974e-05	2.8587e-05	8.0039e-05	0.00011825	0.00022099	0.00019487
24	52	0.0011744	0.0014998	0.00059577	0.0019055	0.0024265	0.0042615	0.0043328
24	53	9.9243e-05	0.00015621	6.5487e-05	0.00020997	0.00020729	0.00032681	0.00035373
24	54	1.6279e-05	2.6141e-05	4.4355e-05	5.5499e-05	7.3914e-05	0.00011187	0.0001607
25	55	0.00051299	0.00083752	0.0004685	0.0010689	0.00096272	0.0013719	0.0014907
26	54	0.0027381	0.0062235	0.0025215	0.0070566	0.0071213	0.01128		0.012199
26	56	0.10164		0.10528		0.10823		0.10946		0.10901		0.12039		0.12329
26	57	0.0025562	0.0028893	0.0038482	0.0031077	0.0024616	0.0020502	0.0024734
26	58	0.00032278	0.00077849	0.0012819	0.0016761	0.0022815	0.0038642	0.0041914
27	59	0.00026046	0.0002972	0.00066954	0.00079389	0.0010164	0.00053039	0.0020275
28	58	0.0027569	0.0035193	0.0042093	0.0040966	0.002792	0.002566	0.0027679
28	60	0.0027549	0.0025483	0.0037889	0.0024638	0.0023081	0.0020893	0.0035885
28	61	0.00011493	0.00021956	0.00037106	0.00038191	0.00049711	0.00029386	0.00097549
28	62	0.00041768	0.00072005	0.0010467	0.0011834	0.0014765	0.0026986	0.0028613
28	64	0.00011004	0.00044722	0.00091738	0.0013244	0.0020446	0.0035516	0.0056325
29	63	3.3828e-05	0.00011155	0.00050909	0.00065192	0.00095004	0.00035777	0.0020378
29	65	2.0967e-05	3.7458e-05	0.00018559	0.00028707	0.00046325	0.00033169	0.0014361
30	64	0.00010304	5.3575e-05	0.000105	6.5911e-05	9.7129e-05	9.3671e-05	0.0002927
30	66	4.1852e-05	7.8988e-05	0.00026574	0.00039665	0.00066874	0.00074991	0.0024152
30	67	4.6766e-06	1.0055e-05	5.7357e-05	9.802e-05	0.00017175	9.8651e-05	0.00057829
30	68	3.9361e-05	0.00013291	0.00032962	0.00053413	0.00097635	0.0027192	0.0037837
30	70	5.4811e-06	2.0539e-05	7.9531e-06	2.8366e-05	4.8543e-05	0.00024445	0.00014554
