1	1	0.0	-0.0081065	-0.012313	-0.012831	-0.011831	-0.010851	-0.01019	-0.014957	-0.030223	-0.069401	-0.093698	-0.063139	-0.082271	-0.18215	-0.27527	-0.35149	-0.41976	6.1549	6.7872	7.5261	7.9342	5.3161	8.75	3.5514
1	2	0.0	1.1868e-18	3.9207e-18	3.9741e-18	5.3669e-18	7.5207e-18	8.4064e-18	7.9981e-18	1.0398e-17	1.3654e-17	1.7155e-17	1.9031e-17	1.8869e-17	2.0493e-17	2.1903e-17	2.3497e-17	2.4562e-17	8.3408e-15	1.0229e-14	4.1634e-16	1.1951e-15	2.0724e-16	1.081e-15	7.7069e-17
2	3	0.0	0.00013559	0.00024202	0.00031052	0.00032197	0.00032034	0.0003144	0.00028604	0.00026301	0.00022333	0.00020472	0.00019101	0.00017269	8.2498e-05	7.3058e-06	4.2828e-06	4.4278e-06	0.00019582	0.00021809	0.0002298	0.00023792	0.0002025	0.00021168	5.0543e-05
2	4	0.0	0.00794	0.011998	0.012394	0.011327	0.010327	0.0096545	0.013397	0.02366	0.051488	0.069446	0.04887	0.078523	0.1675	0.2513	0.33136	0.40263	4.2978	5.2495	6.1136	6.763	5.3453	8.3592	4.7061
3	6	0.0	0.0	0.0	0.0	0.0	0.0	0.0	0.0	0.0	0.0	0.0	0.0	0.0	0.0	0.0	0.0	0.0	1.3213e-17	3.169e-17	2.7816e-19	1.0916e-22	9.0882e-19	5.9014e-23	3.4727e-22
3	7	0.0	-1.668e-09	-5.5595e-09	-5.3512e-09	-7.2589e-09	-1.1317e-08	-1.1981e-08	-1.0399e-08	-1.2272e-08	-1.6283e-08	-2.5808e-08	-2.9742e-08	-3.2909e-08	-1.436e-08	-3.0662e-08	-3.8418e-08	-3.9235e-08	5.6279e-11	7.0931e-13	2.799e-13	4.3161e-12	2.5534e-13	4.3324e-13	5.7166e-13
4	9	0.0	0.0	0.0	0.0	0.0	0.0	0.0	0.0	0.0	0.0	0.0	0.0	0.0	0.0	0.0	0.0	0.0	4.6117e-19	1.5459e-18	7.5642e-18	4.7186e-23	3.1044e-19	4.9156e-23	7.032e-23
5	10	0.0	0.0	0.0	0.0	0.0	0.0	0.0	0.0	0.0	0.0	0.0	0.0	0.0	0.0	0.0	0.0	0.0	1.1197e-10	1.3553e-10	1.4222e-10	1.4707e-10	4.1038e-11	1.5448e-10	6.9593e-14
5	11	0.0	0.0	0.0	0.0	0.0	0.0	0.0	0.0	0.0	0.0	0.0	0.0	0.0	0.0	0.0	0.0	0.0	4.2838e-10	6.0192e-10	6.4068e-10	6.5399e-10	1.6969e-10	6.9194e-10	3.2211e-14
6	12	0.0	-0.00017512	-0.00046301	-0.00080092	-0.0011244	-0.0012645	-0.0013601	-0.00062879	0.0038214	0.013697	0.018787	0.0092211	-0.0012293	0.0028672	-0.0064297	-0.0098768	-0.011277	0.10728	0.065066	0.1361	0.24494	0.15322	0.25018	0.59576
6	13	0.0	2.4788e-05	3.9024e-05	5.4915e-05	6.1353e-05	6.9854e-05	7.3953e-05	8.1136e-05	9.0292e-05	0.00010971	0.00013811	0.00017287	0.00020393	0.0024082	0.00060043	0.00055319	0.00052661	0.0010017	0.0011515	0.001382	0.0014462	0.00026369	0.001919	0.00043106
7	14	0.0	0.00017971	0.0005034	0.00088313	0.0012521	0.0014077	0.0015174	0.0019175	0.0022937	0.003093	0.0040336	0.0050833	0.0065383	0.01188	0.034038	0.036214	0.036513	0.048031	0.061489	0.066102	0.071907	0.0561	0.10231	0.058105
7	15	0.0	0.0	0.0	0.0	0.0	0.0	0.0	0.0	0.0	0.0	0.0	0.0	0.0	0.0	0.0	0.0	0.0	4.0866e-05	5.969e-05	1.5269e-05	0.00022435	6.8448e-05	6.5549e-06	5.7164e-06
8	16	0.0	-1.8226e-06	-3.9991e-06	-7.2001e-06	-8.7377e-06	-1.4319e-05	-2.0636e-05	-0.00020514	-0.00043497	-0.0011239	-0.0016942	-0.0016855	-0.002186	-0.0036451	-0.0059858	-0.0080712	-0.0097138	0.21815	0.16165	0.7703	1.0528	3.0055	3.2162	7.3334
8	17	0.0	3.2246e-07	9.2655e-07	3.5449e-06	9.2517e-06	1.4835e-05	1.9087e-05	4.5228e-05	4.3224e-05	4.6773e-05	4.8669e-05	4.7893e-05	4.3824e-05	3.8951e-05	6.5724e-05	8.285e-05	0.00010497	0.00086843	0.0008122	0.00087587	0.00095078	0.00098584	0.0016879	0.00097219
8	18	0.0	-4.239e-07	-1.8372e-06	-3.6016e-06	-5.4179e-06	-6.2375e-06	-6.762e-06	-8.229e-06	-9.894e-06	-1.368e-05	-1.7757e-05	-2.0165e-05	-2.3352e-05	-8.8506e-05	-9.9152e-05	-0.00010929	-0.00011931	0.0035013	0.0025381	0.011743	0.0052196	0.0039481	0.0061792	0.012312
9	19	0.0	1.8379e-10	1.2487e-09	2.1672e-09	2.5815e-09	1.631e-09	7.9274e-10	9.2632e-08	7.6089e-07	3.3875e-06	5.6402e-06	2.2544e-06	1.9099e-07	1.924e-06	2.6744e-07	-8.8498e-07	-1.2725e-06	1.4193e-05	1.6414e-05	4.4733e-06	6.0478e-05	0.00024335	7.8086e-06	5.2596e-06
10	20	0.0	5.5879e-09	4.6566e-09	-9.3132e-10	8.1491e-10	9.3132e-10	-5.5879e-09	-4.6194e-07	-2.4773e-06	-7.6555e-07	4.0713e-06	-2.631e-06	-3.8417e-06	-8.5393e-06	-6.1886e-06	-1.39e-05	-1.4916e-05	0.034723	0.033926	0.14937	0.39363	0.99977	0.93655	2.2081
10	21	0.0	1.1147e-09	2.8142e-09	3.4411e-09	4.9522e-10	7.5897e-10	8.5038e-10	2.7008e-08	6.2656e-08	4.5728e-07	1.3914e-06	1.1863e-06	3.0594e-06	5.1974e-06	-1.7107e-05	-1.9669e-05	-2.1568e-05	0.00022525	0.00013014	0.00020191	0.001808	0.0024947	0.0029717	0.0049676
10	22	0.0	-1.3255e-07	-3.5403e-07	-1.505e-06	-4.0562e-06	-6.2981e-06	-7.7098e-06	6.033e-05	0.00047496	0.0018132	0.0026293	0.0011592	0.0001734	0.00093559	0.0014267	0.0010108	0.00074356	0.0045196	0.0017173	0.0066306	0.0090357	0.021713	0.018557	0.010915
11	23	0.0	1.3836e-07	3.7087e-07	1.5732e-06	4.241e-06	6.5858e-06	8.0655e-06	1.4368e-05	2.351e-05	5.0871e-05	6.5343e-05	5.5144e-05	6.0205e-05	9.0026e-05	0.00011282	0.00013223	0.00014953	0.0009251	0.0010625	0.0029313	0.016816	0.029582	0.034686	0.077638
12	24	0.0	-1.3388e-09	1.9791e-09	-3.2014e-10	2.9104e-09	1.5134e-09	1.7462e-10	8.2131e-08	5.9023e-08	-2.1269e-07	-5.0544e-06	-1.4381e-05	-3.887e-06	-2.2386e-05	-3.8588e-05	-5.0863e-05	-8.1838e-05	0.025164	0.037902	0.10264	0.071565	0.19056	0.18806	0.31041
12	25	0.0	-2.7994e-09	-6.7084e-09	-8.3892e-09	-7.4942e-10	-1.8481e-09	-6.9267e-09	-1.4696e-07	5.586e-07	1.0747e-05	4.1811e-05	4.1287e-05	-3.1641e-06	5.976e-05	0.00015402	0.00013521	0.00015821	0.0025629	0.001465	0.0070806	0.014417	0.035886	0.031236	0.072768
12	26	0.0	2.6812e-09	7.6837e-09	8.6923e-09	8.908e-10	1.8528e-09	6.4848e-09	1.4145e-07	4.4803e-07	2.1e-06	8.4853e-06	1.5417e-05	8.9123e-06	4.6825e-05	0.00011305	0.00011378	0.00012824	0.0021827	0.0017264	0.005899	0.0088723	0.030418	0.027947	0.073376
13	27	0.0	1.1096e-10	2.6557e-10	6.5484e-11	-2.5466e-10	5.8208e-11	8.0036e-10	2.6583e-07	1.2329e-06	3.759e-06	6.0007e-06	6.2844e-06	2.1734e-06	1.295e-05	2.2282e-05	1.9267e-05	1.5225e-05	0.0014966	0.002442	0.010024	0.0099015	0.031969	0.034095	0.08298
14	28	0.0	-3.2887e-09	2.794e-09	8.1491e-10	8.1491e-10	4.6566e-10	1.1642e-10	1.0291e-07	6.17e-08	-7.567e-09	-5.0967e-07	1.688e-07	3.1153e-07	3.248e-06	1.066e-05	1.2418e-05	1.3988e-05	0.074844	0.08383	0.10097	0.063245	0.34324	0.24021	0.24133
14	29	0.0	-1.5461e-10	1.6007e-10	1.4552e-11	-1.819e-11	0.0	-2.1828e-11	1.1602e-08	6.074e-08	3.6493e-07	1.0448e-06	9.5672e-07	9.207e-08	1.72e-06	4.0784e-06	3.7868e-06	3.8146e-06	0.0014904	0.0021974	0.0069624	0.002043	0.0066359	0.0073793	0.0099872
14	30	0.0	1.3188e-10	9.4587e-11	3.638e-11	1.6371e-11	-2.7285e-11	7.276e-12	2.0595e-08	1.3656e-07	7.7009e-07	2.2488e-06	2.1413e-06	1.8701e-07	3.8611e-06	8.9226e-06	7.8696e-06	7.7288e-06	0.0015498	0.0027467	0.0068232	0.0024373	0.0050093	0.010619	0.0097619
15	31	0.0	-1.0004e-11	4.0927e-11	-1.819e-12	3.1832e-11	9.0949e-13	-3.638e-12	3.507e-09	1.721e-08	7.9954e-08	2.103e-07	2.1931e-07	2.0987e-08	5.5326e-07	1.5569e-06	1.4683e-06	1.5675e-06	0.00037484	0.00070613	0.0017414	0.00065755	0.0018212	0.0025604	0.0035247
16	32	0.0	1.4115e-09	1.5716e-09	-5.8208e-11	1.1642e-10	2.3283e-10	-5.8208e-11	4.2841e-08	-1.0867e-07	-7.5239e-07	-2.2819e-06	-1.9885e-06	-8.2422e-08	-3.314e-06	-6.8324e-06	-5.9789e-06	-5.4804e-06	0.037304	0.034702	0.036919	0.028073	0.18144	0.10829	0.10897
16	33	0.0	6.8212e-13	1.5234e-11	1.3642e-12	4.3201e-12	-4.5475e-13	1.819e-12	6.7976e-09	4.8713e-08	2.1057e-07	3.6773e-07	1.9674e-07	3.7018e-08	1.5888e-07	2.0735e-07	1.6009e-07	1.3006e-07	0.00019996	0.00024348	0.00035104	0.00022639	0.00082006	0.00048054	0.00048123
16	34	0.0	5.8208e-10	7.7125e-10	-1.8917e-10	2.9104e-11	2.6193e-10	8.7311e-11	2.9686e-08	2.3167e-08	5.0932e-08	2.5844e-08	3.9348e-08	5.163e-08	3.8883e-08	1.8725e-07	5.7917e-08	8.8243e-08	0.0016413	0.0015262	0.0021935	0.0017018	0.0033406	0.0037573	0.0034199
16	36	0.0	0.0	0.0	0.0	0.0	0.0	0.0	0.0	0.0	0.0	0.0	0.0	0.0	0.0	0.0	0.0	0.0	5.368e-06	2.5353e-06	1.1979e-05	9.1853e-06	3.2845e-05	5.0875e-05	9.3969e-05
17	35	0.0	0.0	0.0	0.0	0.0	0.0	0.0	0.0	0.0	0.0	0.0	0.0	0.0	0.0	0.0	0.0	0.0	0.00011463	0.00013661	0.00017505	0.00012479	0.00036273	0.00023313	0.00027636
17	37	0.0	0.0	0.0	0.0	0.0	0.0	0.0	0.0	0.0	0.0	0.0	0.0	0.0	0.0	0.0	0.0	0.0	3.0261e-05	2.49e-05	5.6487e-05	8.4154e-05	0.00030187	0.00026257	0.0005637
18	36	0.0	0.0	0.0	0.0	0.0	0.0	0.0	0.0	0.0	0.0	0.0	0.0	0.0	0.0	0.0	0.0	0.0	0.006288	0.0049015	0.0054756	0.0046645	0.028162	0.01805	0.018132
18	38	0.0	0.0	0.0	0.0	0.0	0.0	0.0	0.0	0.0	0.0	0.0	0.0	0.0	0.0	0.0	0.0	0.0	0.00068595	0.00065096	0.00078342	0.00067413	0.0026859	0.0016404	0.0016522
18	40	0.0	0.0	0.0	0.0	0.0	0.0	0.0	0.0	0.0	0.0	0.0	0.0	0.0	0.0	0.0	0.0	0.0	8.9579e-07	1.0546e-06	1.3036e-06	1.4149e-06	2.9869e-06	7.4129e-06	5.6713e-06
19	39	0.0	0.0	0.0	0.0	0.0	0.0	0.0	0.0	0.0	0.0	0.0	0.0	0.0	0.0	0.0	0.0	0.0	5.0195e-05	6.9965e-05	7.674e-05	7.3912e-05	0.00026562	0.00012876	0.00011386
19	40	0.0	0.0	0.0	0.0	0.0	0.0	0.0	0.0	0.0	0.0	0.0	0.0	0.0	0.0	0.0	0.0	0.0	1.2774e-07	6.4335e-08	1.3779e-07	9.3016e-08	5.5536e-07	2.9414e-07	4.0488e-07
19	41	0.0	0.0	0.0	0.0	0.0	0.0	0.0	0.0	0.0	0.0	0.0	0.0	0.0	0.0	0.0	0.0	0.0	4.6767e-06	5.8456e-06	7.7447e-06	9.0337e-06	4.5766e-05	1.9735e-05	4.52e-05
20	40	0.0	0.0	0.0	0.0	0.0	0.0	0.0	0.0	0.0	0.0	0.0	0.0	0.0	0.0	0.0	0.0	0.0	0.0049248	0.0040141	0.0045418	0.0037369	0.019789	0.015672	0.015568
20	42	0.0	0.0	0.0	0.0	0.0	0.0	0.0	0.0	0.0	0.0	0.0	0.0	0.0	0.0	0.0	0.0	0.0	1.388e-05	1.752e-05	2.0708e-05	1.7438e-05	7.9318e-05	4.1513e-05	4.4752e-05
20	43	0.0	0.0	0.0	0.0	0.0	0.0	0.0	0.0	0.0	0.0	0.0	0.0	0.0	0.0	0.0	0.0	0.0	1.3591e-06	1.5016e-06	2.1155e-06	2.5164e-06	3.6602e-06	2.9703e-06	4.9259e-06
20	44	0.0	0.0	0.0	0.0	0.0	0.0	0.0	0.0	0.0	0.0	0.0	0.0	0.0	0.0	0.0	0.0	0.0	3.5148e-05	3.5539e-05	5.4521e-05	5.7911e-05	3.7625e-05	4.0428e-05	4.6666e-05
20	46	0.0	0.0	0.0	0.0	0.0	0.0	0.0	0.0	0.0	0.0	0.0	0.0	0.0	0.0	0.0	0.0	0.0	2.1228e-07	3.3257e-07	7.8292e-07	6.1542e-07	1.5267e-06	1.1781e-06	2.8639e-06
20	48	0.0	0.0	0.0	0.0	0.0	0.0	0.0	0.0	0.0	0.0	0.0	0.0	0.0	0.0	0.0	0.0	0.0	1.5789e-06	1.8558e-06	2.7294e-06	2.3464e-06	2.17e-06	1.417e-05	2.434e-06
21	45	0.0	0.0	0.0	0.0	0.0	0.0	0.0	0.0	0.0	0.0	0.0	0.0	0.0	0.0	0.0	0.0	0.0	7.2922e-07	9.2999e-07	1.2607e-06	1.2999e-06	3.6873e-06	2.575e-06	6.147e-06
22	46	0.0	0.0	0.0	0.0	0.0	0.0	0.0	0.0	0.0	0.0	0.0	0.0	0.0	0.0	0.0	0.0	0.0	6.0115e-06	8.6414e-06	9.4969e-06	8.5321e-06	2.4307e-05	1.8566e-05	2.1119e-05
22	47	0.0	0.0	0.0	0.0	0.0	0.0	0.0	0.0	0.0	0.0	0.0	0.0	0.0	0.0	0.0	0.0	0.0	4.4106e-06	3.4438e-06	5.3376e-06	6.5516e-06	4.9875e-06	8.8074e-06	6.7453e-06
22	48	0.0	0.0	0.0	0.0	0.0	0.0	0.0	0.0	0.0	0.0	0.0	0.0	0.0	0.0	0.0	0.0	0.0	8.1253e-05	0.00010716	0.00013226	0.00011478	0.00020881	0.0002526	0.00024413
22	49	0.0	0.0	0.0	0.0	0.0	0.0	0.0	0.0	0.0	0.0	0.0	0.0	0.0	0.0	0.0	0.0	0.0	4.7402e-06	5.07e-06	6.1101e-06	6.372e-06	1.0494e-05	1.9243e-05	2.4215e-05
22	50	0.0	0.0	0.0	0.0	0.0	0.0	0.0	0.0	0.0	0.0	0.0	0.0	0.0	0.0	0.0	0.0	0.0	2.3288e-06	2.407e-06	3.9059e-06	5.8219e-06	1.5086e-05	9.9116e-06	3.8125e-05
23	50	0.0	0.0	0.0	0.0	0.0	0.0	0.0	0.0	0.0	0.0	0.0	0.0	0.0	0.0	0.0	0.0	0.0	2.027e-08	2.6618e-08	6.5967e-08	3.8872e-08	9.9402e-08	2.4858e-07	1.8738e-07
23	51	0.0	0.0	0.0	0.0	0.0	0.0	0.0	0.0	0.0	0.0	0.0	0.0	0.0	0.0	0.0	0.0	0.0	1.1783e-05	9.9548e-06	1.1404e-05	1.3311e-05	1.1947e-05	2.5043e-05	2.2418e-05
24	50	0.0	0.0	0.0	0.0	0.0	0.0	0.0	0.0	0.0	0.0	0.0	0.0	0.0	0.0	0.0	0.0	0.0	2.2347e-05	3.9455e-05	3.6765e-05	3.1035e-05	5.0403e-05	7.7069e-05	9.2132e-05
24	52	0.0	0.0	0.0	0.0	0.0	0.0	0.0	0.0	0.0	0.0	0.0	0.0	0.0	0.0	0.0	0.0	0.0	0.00064836	0.0012686	0.0012802	0.0010747	0.0034954	0.0037629	0.003781
24	53	0.0	0.0	0.0	0.0	0.0	0.0	0.0	0.0	0.0	0.0	0.0	0.0	0.0	0.0	0.0	0.0	0.0	6.2355e-05	9.2703e-05	9.6179e-05	8.2834e-05	9.9476e-05	0.00027365	0.00024945
24	54	0.0	0.0	0.0	0.0	0.0	0.0	0.0	0.0	0.0	0.0	0.0	0.0	0.0	0.0	0.0	0.0	0.0	6.5534e-06	6.8036e-06	1.5177e-05	1.661e-05	2.9987e-05	5.1189e-05	5.6648e-05
25	55	0.0	0.0	0.0	0.0	0.0	0.0	0.0	0.0	0.0	0.0	0.0	0.0	0.0	0.0	0.0	0.0	0.0	0.00028097	0.00038003	0.0004048	0.00035997	0.00034727	0.0010403	0.00082813
26	54	0.0	-1.9281e-10	3.2014e-10	4.3656e-11	-9.4587e-11	3.638e-11	2.1828e-11	-4.0032e-08	-3.7329e-07	-1.7052e-06	-3.5764e-06	-2.4207e-06	-3.0902e-07	-2.7278e-06	-4.571e-06	-3.955e-06	-3.6979e-06	0.0019182	0.0024593	0.002488	0.0022228	0.0026253	0.0068704	0.0064161
26	56	0.0	-2.6776e-09	5.3551e-09	3.7253e-09	5.8208e-10	2.6776e-09	3.4925e-10	-2.2235e-08	-1.5043e-06	-8.3817e-06	-2.1998e-05	-1.8009e-05	-1.5423e-06	-2.6172e-05	-5.0175e-05	-4.23e-05	-3.7841e-05	0.083171	0.085147	0.08723	0.088653	0.084558	0.091808	0.080798
26	57	0.0	7.5488e-11	1.6371e-10	1.2733e-11	-7.6398e-11	-5.0932e-11	-1.0914e-11	1.6663e-07	1.2704e-06	6.0172e-06	1.215e-05	7.2506e-06	1.1381e-06	5.802e-06	6.9044e-06	5.4289e-06	4.4875e-06	0.0022198	0.0019853	0.0026718	0.0023405	0.00087907	0.0028228	0.00097491
26	58	0.0	9.2086e-12	1.7053e-11	1.819e-12	-1.6371e-11	-4.0927e-12	-4.5475e-13	6.2725e-08	5.1866e-07	3.3361e-06	1.0719e-05	1.0027e-05	8.3426e-07	1.4112e-05	2.4455e-05	1.9354e-05	1.5964e-05	0.00012129	0.00010956	0.00058625	0.00049571	0.00089068	0.0023929	0.0014838
27	59	0.0	1.3756e-11	1.5007e-11	1.5916e-12	4.5475e-12	1.0004e-11	-9.0949e-13	2.0307e-08	1.5627e-07	7.9213e-07	2.0887e-06	2.0038e-06	1.1088e-07	3.7055e-06	7.7299e-06	6.2476e-06	5.4992e-06	0.00014089	9.0001e-05	0.00018197	0.00029226	0.00040057	0.00053929	0.00069448
28	58	0.0	1.819e-10	2.11e-10	-2.9104e-11	1.1642e-10	-7.276e-11	1.4552e-11	-2.6535e-08	-2.5447e-07	-1.209e-06	-2.6133e-06	-1.7777e-06	-2.2652e-07	-1.9629e-06	-3.1994e-06	-2.6646e-06	-2.354e-06	0.0022254	0.0011447	0.0027045	0.0018391	0.00077406	0.0015473	0.00088312
28	60	0.0	-6.6393e-11	8.6402e-11	3.638e-12	3.638e-12	-3.0923e-11	5.457e-12	2.341e-09	3.6918e-09	1.295e-07	7.1959e-07	9.8759e-07	5.6997e-08	2.8626e-06	8.3739e-06	7.0434e-06	7.1768e-06	0.0021307	0.0018739	0.0021246	0.0024896	0.00091424	0.00061213	0.0011977
28	61	0.0	4.9938e-07	1.6666e-06	1.6124e-06	2.1648e-06	3.3646e-06	3.5545e-06	3.2308e-06	4.5092e-06	6.8815e-06	9.447e-06	1.088e-05	1.0119e-05	1.6649e-05	2.6537e-05	2.6769e-05	2.7844e-05	8.2133e-05	0.00012356	0.00010384	0.00014899	0.00020532	0.00010974	0.0003914
28	62	0.0	-5.0757e-07	-1.6939e-06	-1.6389e-06	-2.2003e-06	-3.4197e-06	-3.6127e-06	-3.2696e-06	-4.4759e-06	-6.3987e-06	-7.731e-06	-8.9154e-06	-1.0137e-05	-1.1451e-05	-1.2781e-05	-1.409e-05	-1.5384e-05	0.00022748	0.00016403	0.00046385	0.0003857	0.0005769	0.00022202	0.0011738
28	64	0.0	0.0	0.0	0.0	0.0	0.0	0.0	0.0	0.0	0.0	0.0	0.0	0.0	0.0	0.0	0.0	0.0	3.3504e-05	1.723e-05	2.9898e-05	0.00018726	0.00083964	7.1085e-05	0.0022231
29	63	0.0	0.0	0.0	0.0	0.0	0.0	0.0	0.0	0.0	0.0	0.0	0.0	0.0	0.0	0.0	0.0	0.0	1.827e-05	1.2983e-05	1.9042e-05	0.00012755	0.00036505	8.5573e-05	0.00068521
29	65	0.0	0.0	0.0	0.0	0.0	0.0	0.0	0.0	0.0	0.0	0.0	0.0	0.0	0.0	0.0	0.0	0.0	1.0257e-05	7.177e-06	7.6246e-06	4.4017e-05	0.00022003	1.3005e-05	0.00064926
30	64	0.0	0.0	0.0	0.0	0.0	0.0	0.0	0.0	0.0	0.0	0.0	0.0	0.0	0.0	0.0	0.0	0.0	9.6744e-05	6.7701e-05	5.7385e-05	0.0001197	5.6462e-05	1.8698e-05	0.000168
30	66	0.0	0.0	0.0	0.0	0.0	0.0	0.0	0.0	0.0	0.0	0.0	0.0	0.0	0.0	0.0	0.0	0.0	1.7363e-05	1.7835e-05	2.1714e-05	6.2561e-05	0.00033395	1.5447e-05	0.001068
30	67	0.0	0.0	0.0	0.0	0.0	0.0	0.0	0.0	0.0	0.0	0.0	0.0	0.0	0.0	0.0	0.0	0.0	2.8781e-06	1.7826e-06	2.0318e-06	1.2929e-05	8.1037e-05	2.7248e-06	0.00024774
30	68	0.0	0.0	0.0	0.0	0.0	0.0	0.0	0.0	0.0	0.0	0.0	0.0	0.0	0.0	0.0	0.0	0.0	1.3218e-05	7.4935e-06	1.1662e-05	6.0273e-05	0.00046323	1.2653e-05	0.00155
30	70	0.0	0.0	0.0	0.0	0.0	0.0	0.0	0.0	0.0	0.0	0.0	0.0	0.0	0.0	0.0	0.0	0.0	1.8326e-06	5.5901e-07	5.1277e-07	1.6173e-06	1.1377e-05	3.69e-07	2.6542e-05
