1	1	0.0	-0.0081416	-0.014754	-0.021744	-0.037844	-0.049401	-0.051782	-0.10009	-0.14993	-0.16007	-0.094816	-0.16309	-0.26656	-0.42862	-0.42997	-0.55393	0.0	6.3742	7.1135	7.9531	8.9473	10.165	10.136	10.29
1	2	0.0	1.3307e-18	2.4824e-18	4.2415e-18	5.6993e-18	6.6879e-18	7.585e-18	9.7831e-18	1.1168e-17	1.3017e-17	1.599e-17	1.7075e-17	1.935e-17	1.9381e-17	2.1842e-17	2.3262e-17	0.0	1.0707e-14	1.9922e-14	6.495e-14	8.8031e-14	3.2313e-16	6.9292e-14	2.6395e-16
2	3	0.0	0.00012318	0.00019058	0.00028162	0.00031909	0.00031063	0.0003026	0.00026589	0.00024924	0.00024419	8.3302e-05	2.5061e-05	3.1272e-06	1.7582e-06	1.8509e-06	1.4308e-06	0.0	0.00017028	0.00015926	0.00018077	0.00017538	0.00018528	0.00018405	0.00017993
2	4	0.0	0.0080121	0.01442	0.01948	0.031679	0.039616	0.040437	0.074465	0.11151	0.11744	0.069087	0.12958	0.21593	0.35933	0.38016	0.50312	0.0	4.0352	4.9483	5.0555	7.0339	8.4773	7.9202	8.116
3	6	0.0	0.0	0.0	0.0	0.0	0.0	0.0	0.0	0.0	0.0	0.0	0.0	0.0	0.0	0.0	0.0	0.0	3.4402e-17	6.5042e-17	9.299e-17	2.8946e-16	5.193e-23	2.2253e-16	2.1353e-20
3	7	0.0	-2.3369e-10	-5.0167e-10	-9.7434e-10	-1.3331e-09	-1.6076e-09	-1.7239e-09	-2.1058e-09	-2.8082e-09	-4.202e-09	1.5819e-08	7.4747e-09	-5.872e-09	-7.6117e-09	-8.4466e-09	-9.3467e-09	0.0	3.1534e-15	7.1972e-14	4.9016e-11	1.5555e-12	1.0197e-13	8.0072e-13	4.7084e-12
4	9	0.0	0.0	0.0	0.0	0.0	0.0	0.0	0.0	0.0	0.0	0.0	0.0	0.0	0.0	0.0	0.0	0.0	1.0704e-16	1.0772e-16	9.7835e-19	5.5058e-16	4.8829e-24	3.7835e-16	6.0007e-22
5	10	0.0	0.0	0.0	0.0	0.0	0.0	0.0	0.0	0.0	0.0	0.0	0.0	0.0	0.0	0.0	0.0	0.0	2.5531e-11	2.5541e-11	6.5155e-15	2.9146e-11	3.0872e-11	3.0366e-11	6.5724e-12
5	11	0.0	0.0	0.0	0.0	0.0	0.0	0.0	0.0	0.0	0.0	0.0	0.0	0.0	0.0	0.0	0.0	0.0	1.1501e-10	1.1507e-10	3.1624e-12	4.6029e-08	1.3907e-10	1.368e-10	2.797e-11
6	12	0.0	-4.3033e-05	1.7986e-05	0.0017035	0.0052782	0.0086435	0.010096	0.022866	0.033783	0.037806	0.022848	0.0073392	0.0032272	0.002662	0.0026022	0.0012989	0.0	0.087832	0.088091	0.15804	0.0974	0.1323	0.18153	0.45833
6	13	0.0	4.3886e-06	6.595e-06	1.0048e-05	1.0728e-05	1.1818e-05	1.2701e-05	1.2898e-05	1.4266e-05	1.9892e-05	0.00034365	0.001683	0.00065773	0.00071613	0.00067895	0.00064443	0.0	0.00018836	0.00020921	0.00060272	0.00029196	0.00038245	0.00033907	0.00036769
7	14	0.0	4.975e-05	0.00011964	0.00020406	0.0003066	0.00035764	0.00036122	0.00045075	0.00058337	0.00071514	0.0010836	0.023045	0.045124	0.064904	0.04776	0.052871	0.0	0.0090801	0.012942	0.014215	0.018425	0.031484	0.020047	0.025953
7	15	0.0	0.0	0.0	0.0	0.0	0.0	0.0	0.0	0.0	0.0	0.0	0.0	0.0	0.0	0.0	0.0	0.0	6.8382e-06	8.6986e-06	5.6164e-05	2.7834e-05	9.5265e-05	4.9812e-06	5.0057e-06
8	16	0.0	-4.9506e-06	-4.3489e-06	2.787e-05	0.00010088	0.00012941	0.00013807	0.00017666	7.2568e-05	-7.8427e-06	9.2748e-05	2.0113e-05	-0.00087892	-0.0027454	-0.0031915	-0.0058275	0.0	0.38532	0.29224	1.5461	0.99359	2.2006	4.7883	7.9612
8	17	0.0	3.419e-07	6.6665e-07	1.794e-06	7.3289e-06	1.2026e-05	1.1236e-05	1.8055e-05	1.5317e-05	1.7088e-05	1.0548e-05	6.5037e-06	9.5905e-06	9.3489e-06	1.1741e-05	9.1775e-06	0.0	8.7529e-05	8.6606e-05	0.00010444	0.00010382	0.00011204	0.00012012	0.00015866
8	18	0.0	-1.5011e-07	-4.7831e-07	-8.9341e-07	-1.4506e-06	-1.7796e-06	-1.8208e-06	-2.4359e-06	-3.0691e-06	-3.8952e-06	-1.0102e-05	-1.3544e-05	-1.561e-05	-1.7636e-05	-1.9662e-05	-2.1642e-05	0.0	0.0019507	0.000968	0.00011442	0.00128	0.00084764	4.3477e-05	0.00083695
9	19	0.0	-2.9012e-10	1.9616e-09	4.843e-08	2.3712e-07	5.9617e-07	8.1611e-07	4.0277e-06	8.7336e-06	1.1318e-05	3.0721e-06	2.1534e-06	5.4256e-07	2.2593e-07	7.748e-08	-2.3378e-07	0.0	1.977e-06	2.1339e-06	1.3849e-05	5.3618e-06	8.501e-05	1.158e-05	1.0409e-06
10	20	0.0	-1.5178e-08	-6.464e-08	-4.0286e-07	-6.3423e-07	-2.4133e-07	2.4389e-07	1.3469e-05	4.0012e-05	5.2384e-05	1.0788e-05	1.1119e-05	2.3666e-05	4.4702e-05	1.7543e-05	4.4893e-05	0.0	0.13173	0.12447	0.13963	0.27719	0.81981	0.93688	1.878
10	21	0.0	1.0991e-08	1.2173e-08	2.0922e-08	3.9713e-08	7.122e-08	8.1581e-08	5.6583e-07	1.7084e-06	4.751e-06	2.8196e-06	1.566e-06	-2.2326e-06	-2.4739e-06	-3.1223e-06	-3.6335e-06	0.0	0.00018455	0.00014258	0.00039163	0.00025821	0.00038254	0.00072114	0.0011736
10	22	0.0	-1.7122e-07	1.5068e-06	3.5243e-05	0.00014074	0.0003154	0.00041602	0.0017728	0.0035418	0.0035691	0.0010872	0.001101	0.0019652	0.0026922	0.0013856	0.0010976	0.0	0.0010475	0.00075428	0.0040165	0.0021643	0.00457	0.0061814	0.0028743
11	23	0.0	1.8413e-07	3.7807e-07	1.4316e-06	3.9035e-06	6.2525e-06	7.1221e-06	2.7758e-05	6.4845e-05	4.4656e-05	1.8266e-05	2.691e-05	4.5625e-05	7.4906e-05	4.6405e-05	1.481e-05	0.0	0.0014977	0.00081892	0.00043445	0.0040688	0.0062494	0.014082	0.026076
12	24	0.0	2.4738e-10	-2.8303e-09	4.0905e-08	9.0142e-08	1.6944e-07	2.3169e-07	1.855e-06	6.0036e-06	-2.0011e-06	-7.9526e-06	-7.4628e-06	-1.4342e-05	-7.2437e-05	-0.00011553	-0.0004407	0.0	0.043808	0.074567	0.11214	0.096538	0.23285	0.21815	0.379
12	25	0.0	-1.7405e-08	-3.0591e-08	-7.0877e-08	7.6133e-08	5.4831e-07	1.0217e-06	1.0952e-05	3.4022e-05	0.00010918	8.6701e-05	0.00013111	0.00022622	0.00045306	0.00032563	0.00064338	0.0	0.0013777	0.0019456	0.0027983	0.0021999	0.0060388	0.0070863	0.011984
12	26	0.0	1.6736e-08	2.4244e-08	-8.0744e-09	-3.8854e-08	-4.644e-08	-5.825e-08	1.1618e-06	5.7829e-06	4.4348e-05	6.0037e-05	0.00012053	0.00021647	0.00049174	0.00026885	0.00040692	0.0	0.0012428	0.0019316	0.0013969	0.0018844	0.0067117	0.0070831	0.013344
13	27	0.0	1.7576e-09	2.9972e-08	1.8694e-07	4.5811e-07	7.2347e-07	8.6104e-07	1.6611e-06	2.5015e-06	6.0064e-06	7.9837e-06	7.7783e-06	1.2195e-05	2.0441e-05	1.1091e-05	2.592e-05	0.0	0.0022064	0.0033062	0.0052231	0.0051332	0.011231	0.01685	0.030399
14	28	0.0	-1.0914e-11	6.1118e-10	4.9477e-09	1.071e-08	1.3984e-08	1.4355e-08	-4.5708e-08	-1.7157e-07	2.2876e-07	4.7933e-06	8.5066e-06	1.4929e-05	2.7051e-05	1.8287e-05	2.1666e-05	0.0	0.061055	0.10287	0.21586	0.12375	0.11857	0.39517	0.5231
14	29	0.0	-8.6402e-12	1.2278e-11	1.4402e-09	8.7339e-09	2.0856e-08	3.0142e-08	1.6923e-07	4.04e-07	1.1801e-06	1.4981e-06	2.4447e-06	4.1593e-06	7.2942e-06	4.9928e-06	5.6424e-06	0.0	0.00054054	0.0011217	0.0018264	0.0012713	0.0019309	0.0033727	0.0045465
14	30	0.0	-2.9559e-12	4.6953e-10	6.6593e-09	2.7123e-08	5.7295e-08	7.8408e-08	4.0069e-07	9.5681e-07	2.9652e-06	3.3057e-06	5.2811e-06	8.7966e-06	1.5619e-05	1.0571e-05	1.2749e-05	0.0	0.00065615	0.0012871	0.002139	0.0016052	0.0015759	0.0048191	0.0065024
15	31	0.0	9.0381e-12	7.5147e-11	1.0275e-09	3.6575e-09	7.328e-09	9.5162e-09	4.3932e-08	1.0715e-07	4.3358e-07	6.574e-07	1.2621e-06	2.2421e-06	4.5533e-06	3.0033e-06	3.9349e-06	0.0	0.00015027	0.00027414	0.00048218	0.00038663	0.00038627	0.0010175	0.001481
16	32	0.0	-8.3674e-11	-5.1296e-10	-7.2978e-09	-3.0057e-08	-6.3519e-08	-8.6315e-08	-4.1031e-07	-9.3941e-07	-2.6053e-06	-2.4586e-06	-3.3924e-06	-5.3008e-06	-7.79e-06	-5.2919e-06	-5.4838e-06	0.0	0.026756	0.034389	0.11816	0.051485	0.034764	0.18965	0.2258
16	33	0.0	-5.6843e-14	1.3438e-10	2.3197e-09	8.6706e-09	1.7043e-08	2.2129e-08	6.8978e-08	1.1759e-07	1.2554e-07	5.2454e-08	4.6803e-08	5.6006e-08	5.9078e-08	4.3562e-08	4.0902e-08	0.0	9.0896e-05	0.00018304	0.00021227	0.00018871	0.0001662	0.00043437	0.00045535
16	34	0.0	8.1855e-12	-7.8217e-11	2.5466e-11	2.9104e-11	1.6007e-10	3.0923e-10	3.5725e-09	9.597e-09	3.1156e-08	2.4804e-08	3.443e-08	5.0641e-08	1.046e-07	6.4232e-08	9.5373e-08	0.0	0.00042709	0.00095623	0.00083115	0.00091196	0.00072238	0.0020287	0.0023498
16	36	0.0	0.0	0.0	0.0	0.0	0.0	0.0	0.0	0.0	0.0	0.0	0.0	0.0	0.0	0.0	0.0	0.0	7.1023e-07	9.9102e-07	1.2276e-06	1.3594e-06	2.6759e-06	6.0951e-06	1.1926e-05
17	35	0.0	0.0	0.0	0.0	0.0	0.0	0.0	0.0	0.0	0.0	0.0	0.0	0.0	0.0	0.0	0.0	0.0	2.6568e-05	5.2073e-05	5.8721e-05	5.4581e-05	5.3003e-05	0.00012301	0.00015606
17	37	0.0	0.0	0.0	0.0	0.0	0.0	0.0	0.0	0.0	0.0	0.0	0.0	0.0	0.0	0.0	0.0	0.0	1.0145e-05	1.6508e-05	2.5166e-05	2.0497e-05	3.0298e-05	7.7913e-05	0.00011322
18	36	0.0	0.0	0.0	0.0	0.0	0.0	0.0	0.0	0.0	0.0	0.0	0.0	0.0	0.0	0.0	0.0	0.0	0.0045033	0.0043106	0.021851	0.007991	0.0047304	0.030872	0.034769
18	38	0.0	0.0	0.0	0.0	0.0	0.0	0.0	0.0	0.0	0.0	0.0	0.0	0.0	0.0	0.0	0.0	0.0	0.00016582	0.00049439	0.00034752	0.00030641	0.00026734	0.00097682	0.0011367
18	40	0.0	0.0	0.0	0.0	0.0	0.0	0.0	0.0	0.0	0.0	0.0	0.0	0.0	0.0	0.0	0.0	0.0	2.297e-07	3.7353e-07	1.5388e-07	3.2994e-07	3.5687e-07	9.2531e-07	1.1455e-06
19	39	0.0	0.0	0.0	0.0	0.0	0.0	0.0	0.0	0.0	0.0	0.0	0.0	0.0	0.0	0.0	0.0	0.0	1.7814e-05	3.1993e-05	4.1646e-05	3.121e-05	2.6353e-05	0.00010236	9.9326e-05
19	40	0.0	0.0	0.0	0.0	0.0	0.0	0.0	0.0	0.0	0.0	0.0	0.0	0.0	0.0	0.0	0.0	0.0	7.7846e-09	9.1302e-09	1.4941e-08	1.8501e-08	3.3426e-08	7.9115e-08	7.4111e-08
19	41	0.0	0.0	0.0	0.0	0.0	0.0	0.0	0.0	0.0	0.0	0.0	0.0	0.0	0.0	0.0	0.0	0.0	1.8726e-06	2.4603e-06	5.2742e-06	3.1343e-06	3.4313e-06	1.2954e-05	1.3488e-05
20	40	0.0	0.0	0.0	0.0	0.0	0.0	0.0	0.0	0.0	0.0	0.0	0.0	0.0	0.0	0.0	0.0	0.0	0.0039134	0.0030805	0.019997	0.0064954	0.0037699	0.025876	0.028255
20	42	0.0	0.0	0.0	0.0	0.0	0.0	0.0	0.0	0.0	0.0	0.0	0.0	0.0	0.0	0.0	0.0	0.0	4.1554e-06	9.5919e-06	9.7564e-06	7.3079e-06	6.0039e-06	2.6526e-05	2.9842e-05
20	43	0.0	0.0	0.0	0.0	0.0	0.0	0.0	0.0	0.0	0.0	0.0	0.0	0.0	0.0	0.0	0.0	0.0	3.4089e-07	3.6023e-07	3.8025e-07	5.232e-07	7.9463e-07	9.8851e-07	1.4257e-06
20	44	0.0	0.0	0.0	0.0	0.0	0.0	0.0	0.0	0.0	0.0	0.0	0.0	0.0	0.0	0.0	0.0	0.0	2.0677e-05	2.3011e-05	1.0576e-05	2.0883e-05	2.6508e-05	1.5147e-05	1.8798e-05
20	46	0.0	0.0	0.0	0.0	0.0	0.0	0.0	0.0	0.0	0.0	0.0	0.0	0.0	0.0	0.0	0.0	0.0	7.3666e-08	1.1807e-07	7.7857e-08	1.0982e-07	1.2752e-07	1.97e-07	3.2375e-07
20	48	0.0	0.0	0.0	0.0	0.0	0.0	0.0	0.0	0.0	0.0	0.0	0.0	0.0	0.0	0.0	0.0	0.0	3.2198e-07	4.0234e-07	4.0141e-07	5.0178e-07	6.1884e-07	6.4773e-07	7.8011e-07
21	45	0.0	0.0	0.0	0.0	0.0	0.0	0.0	0.0	0.0	0.0	0.0	0.0	0.0	0.0	0.0	0.0	0.0	2.1635e-07	2.4785e-07	4.3806e-07	3.6083e-07	5.3006e-07	1.0941e-06	1.6409e-06
22	46	0.0	0.0	0.0	0.0	0.0	0.0	0.0	0.0	0.0	0.0	0.0	0.0	0.0	0.0	0.0	0.0	0.0	5.1562e-06	6.0947e-06	4.1254e-06	3.5357e-06	5.1436e-06	1.2223e-05	1.3963e-05
22	47	0.0	0.0	0.0	0.0	0.0	0.0	0.0	0.0	0.0	0.0	0.0	0.0	0.0	0.0	0.0	0.0	0.0	5.4004e-06	3.4032e-06	7.5791e-07	1.335e-06	6.459e-06	1.4566e-06	2.0435e-06
22	48	0.0	0.0	0.0	0.0	0.0	0.0	0.0	0.0	0.0	0.0	0.0	0.0	0.0	0.0	0.0	0.0	0.0	8.1742e-05	7.4119e-05	0.0002487	0.00011395	8.9411e-05	0.00023332	0.00026846
22	49	0.0	0.0	0.0	0.0	0.0	0.0	0.0	0.0	0.0	0.0	0.0	0.0	0.0	0.0	0.0	0.0	0.0	3.4907e-06	2.807e-06	1.2332e-05	5.1946e-06	4.087e-06	1.3564e-05	1.7194e-05
22	50	0.0	0.0	0.0	0.0	0.0	0.0	0.0	0.0	0.0	0.0	0.0	0.0	0.0	0.0	0.0	0.0	0.0	5.8472e-07	5.6067e-07	1.0359e-06	1.0753e-06	2.2517e-06	4.1032e-06	7.7005e-06
23	50	0.0	0.0	0.0	0.0	0.0	0.0	0.0	0.0	0.0	0.0	0.0	0.0	0.0	0.0	0.0	0.0	0.0	4.6114e-09	4.9437e-09	1.8622e-08	1.0117e-08	1.9841e-08	5.3756e-08	9.6774e-08
23	51	0.0	0.0	0.0	0.0	0.0	0.0	0.0	0.0	0.0	0.0	0.0	0.0	0.0	0.0	0.0	0.0	0.0	1.3091e-05	9.5561e-06	1.5679e-05	8.013e-06	1.4065e-05	1.7686e-05	2.2039e-05
24	50	0.0	0.0	0.0	0.0	0.0	0.0	0.0	0.0	0.0	0.0	0.0	0.0	0.0	0.0	0.0	0.0	0.0	1.747e-05	2.7079e-05	5.1462e-05	3.058e-05	2.4656e-05	8.5594e-05	0.00012076
24	52	0.0	0.0	0.0	0.0	0.0	0.0	0.0	0.0	0.0	0.0	0.0	0.0	0.0	0.0	0.0	0.0	0.0	0.001105	0.00096312	0.0038922	0.0016565	0.001242	0.0037296	0.0040748
24	53	0.0	0.0	0.0	0.0	0.0	0.0	0.0	0.0	0.0	0.0	0.0	0.0	0.0	0.0	0.0	0.0	0.0	6.7808e-05	5.9005e-05	0.0002402	0.0001038	7.2128e-05	0.00024269	0.00027578
24	54	0.0	0.0	0.0	0.0	0.0	0.0	0.0	0.0	0.0	0.0	0.0	0.0	0.0	0.0	0.0	0.0	0.0	1.7513e-06	1.8376e-06	2.7453e-06	3.1143e-06	5.7913e-06	8.6533e-06	1.3925e-05
25	55	0.0	0.0	0.0	0.0	0.0	0.0	0.0	0.0	0.0	0.0	0.0	0.0	0.0	0.0	0.0	0.0	0.0	0.00020036	0.00017075	0.00072054	0.00032928	0.00023351	0.00076146	0.00083776
26	54	0.0	-2.2737e-12	-1.1987e-09	-2.0468e-08	-7.5604e-08	-1.494e-07	-1.9411e-07	-7.0277e-07	-1.3497e-06	-2.1886e-06	-1.3418e-06	-1.5044e-06	-2.2406e-06	-2.9789e-06	-2.1317e-06	-2.1599e-06	0.0	0.0012431	0.0012282	0.0050441	0.0023696	0.0014097	0.0070891	0.0093864
26	56	0.0	4.1473e-10	-4.3656e-09	-7.6237e-08	-3.1121e-07	-6.514e-07	-8.8064e-07	-3.9651e-06	-8.7217e-06	-2.0721e-05	-1.6344e-05	-2.025e-05	-3.1191e-05	-4.3238e-05	-2.9917e-05	-3.0119e-05	0.0	0.07259	0.072992	0.073212	0.073967	0.074673	0.074551	0.074739
26	57	0.0	-2.3419e-11	3.5577e-09	6.0399e-08	2.355e-07	4.7654e-07	6.2946e-07	2.2533e-06	4.1311e-06	4.6659e-06	1.4953e-06	9.7219e-07	1.0619e-06	6.7915e-07	6.5501e-07	4.8928e-07	0.0	0.0010491	0.0011329	0.00062693	0.0012223	0.0010524	0.00071465	0.00073091
26	58	0.0	5.9686e-13	1.3581e-09	2.2443e-08	1.0358e-07	2.325e-07	3.2722e-07	1.9005e-06	4.5848e-06	1.1297e-05	6.7542e-06	6.2802e-06	8.9463e-06	9.5291e-06	6.9448e-06	5.7672e-06	0.0	4.7741e-05	4.892e-05	7.5176e-05	9.171e-05	0.00018475	0.00028943	0.00043378
27	59	0.0	2.8422e-13	5.5647e-10	9.3099e-09	3.4376e-08	6.75e-08	8.9134e-08	4.0367e-07	9.5849e-07	3.102e-06	2.4978e-06	2.6028e-06	3.6758e-06	4.037e-06	2.9116e-06	2.5045e-06	0.0	0.00019602	0.00013089	3.5785e-05	6.2066e-05	0.000217	0.00012847	0.00019101
28	58	0.0	1.3642e-12	-7.5715e-10	-1.3156e-08	-5.0426e-08	-1.0106e-07	-1.3272e-07	-4.9885e-07	-9.6935e-07	-1.5699e-06	-9.4442e-07	-1.0523e-06	-1.5634e-06	-2.0626e-06	-1.4554e-06	-1.4461e-06	0.0	0.00051384	0.00046418	0.0005504	0.00049306	0.00054424	0.00071372	0.00082659
28	60	0.0	1.819e-12	-5.2161e-11	-7.7641e-10	5.4995e-11	3.79e-09	7.8319e-09	1.1596e-07	3.6888e-07	2.3962e-06	4.0148e-06	6.2483e-06	9.318e-06	1.306e-05	8.8218e-06	8.9624e-06	0.0	0.0018008	0.0016718	0.00010254	0.0012861	0.0018011	0.00026327	0.00038039
28	61	0.0	1.0268e-07	1.9189e-07	3.2621e-07	4.5872e-07	5.6218e-07	6.5667e-07	1.2012e-06	1.9151e-06	5.1069e-06	6.3318e-06	9.8371e-06	1.6256e-05	2.662e-05	1.8963e-05	2.107e-05	0.0	4.2525e-05	4.987e-05	1.4814e-05	5.6735e-05	6.0856e-05	5.5534e-05	9.7987e-05
28	62	0.0	-1.0437e-07	-1.9474e-07	-3.2639e-07	-4.451e-07	-5.2617e-07	-6.0591e-07	-8.737e-07	-1.014e-06	-1.2593e-06	-1.4908e-06	-1.7477e-06	-2.0136e-06	-2.2733e-06	-2.5357e-06	-2.7891e-06	0.0	3.545e-05	2.3994e-05	5.3271e-05	9.0867e-05	0.00010882	0.00017479	0.00030107
28	64	0.0	0.0	0.0	0.0	0.0	0.0	0.0	0.0	0.0	0.0	0.0	0.0	0.0	0.0	0.0	0.0	0.0	1.0908e-05	3.6215e-06	4.1837e-05	2.7936e-05	9.8755e-05	0.00019461	0.00042529
29	63	0.0	0.0	0.0	0.0	0.0	0.0	0.0	0.0	0.0	0.0	0.0	0.0	0.0	0.0	0.0	0.0	0.0	1.0492e-05	5.3661e-06	1.3681e-05	1.3453e-05	4.2731e-05	5.2311e-05	0.00010409
29	65	0.0	0.0	0.0	0.0	0.0	0.0	0.0	0.0	0.0	0.0	0.0	0.0	0.0	0.0	0.0	0.0	0.0	3.8106e-06	1.514e-06	1.3181e-05	1.0222e-05	3.1731e-05	6.935e-05	0.00014512
30	64	0.0	0.0	0.0	0.0	0.0	0.0	0.0	0.0	0.0	0.0	0.0	0.0	0.0	0.0	0.0	0.0	0.0	0.00011375	0.00011598	7.1861e-06	6.0409e-05	0.00012858	2.9798e-05	5.8036e-05
30	66	0.0	0.0	0.0	0.0	0.0	0.0	0.0	0.0	0.0	0.0	0.0	0.0	0.0	0.0	0.0	0.0	0.0	6.724e-06	4.6553e-06	2.3479e-05	1.7109e-05	4.5833e-05	0.00010605	0.0002181
30	67	0.0	0.0	0.0	0.0	0.0	0.0	0.0	0.0	0.0	0.0	0.0	0.0	0.0	0.0	0.0	0.0	0.0	7.8902e-07	3.2087e-07	3.1588e-06	2.2544e-06	8.5638e-06	1.8185e-05	4.1059e-05
30	68	0.0	0.0	0.0	0.0	0.0	0.0	0.0	0.0	0.0	0.0	0.0	0.0	0.0	0.0	0.0	0.0	0.0	3.522e-06	1.5199e-06	2.3739e-05	1.1661e-05	4.3782e-05	0.00011951	0.00026447
30	70	0.0	0.0	0.0	0.0	0.0	0.0	0.0	0.0	0.0	0.0	0.0	0.0	0.0	0.0	0.0	0.0	0.0	1.1249e-07	8.927e-08	4.9522e-07	9.2299e-08	1.6571e-07	4.5819e-07	5.8197e-07
