1 1 	6.44 		7.45 		8.46 		8.43 		9.8 		11.0 		12.9
1 2 	7.19e-15 	3.38e-12 	3.07e-15 	4.35e-16 	4.46e-16 	5.03e-16 	7.03e-14
2 3 	0.000143 	0.000153 	0.000157 	0.00016 	0.000126 	0.000144 	0.000121
2 4 	3.86 		5.16 		6.54 		5.94 		6.97 		8.38 		10.9
3 6 	2.37e-17 	1.11e-17 	8.84e-18 	2.4e-23 	2.35e-21 	2.75e-23 	2.29e-16
3 7 	6.34e-10 	3.76e-13 	5.83e-13 	8.47e-11 	9.12e-13 	1.12e-12 	6.68e-12
4 9 	2.33e-17 	9.06e-16 	9.32e-17 	1.43e-23 	2.05e-25 	0.0 		4.06e-16
5 10 	1.15e-11 	6.01e-12 	6.57e-12 	2.37e-12 	7.6e-12 	2.25e-12 	2.01e-12
5 11 	5.11e-11 	2.68e-11 	2.94e-11 	1.03e-11 	3.42e-11 	1.01e-11 	7.01e-12
6 12 	0.107 		0.085 		0.129 		0.128 		0.215 		0.121 		0.0737
6 13 	0.000167 	5.38e-05 	7.2e-05 	1.96e-05 	9.81e-05 	8.2e-05 	0.000282
7 14 	0.00907 	0.00358 	0.00447 	0.0129 		0.0092 		0.00619 	0.00869
7 15 	7.57e-06 	8.59e-07 	9.21e-07 	1.37e-06 	7.24e-06 	3.79e-07 	2.44e-06
8 16 	0.504 		0.294 		0.422 		2.18 		3.82 		5.33 		8.37
8 17 	6.96e-05 	2.56e-05 	2.42e-05 	2.18e-05 	2.79e-05 	4.87e-05 	2.86e-05
8 18 	0.00181 	0.000366 	0.000306 	8.09e-06 	7.05e-05 	2.69e-05 	2.63e-05
9 19 	3.07e-06 	1.98e-07 	3.32e-07 	2.8e-06 	6.12e-07 	2.39e-06 	4.47e-06
10 20 	0.066 		0.19 		0.177 		0.627 		1.22 		1.45 		0.287
10 21 	0.000185 	6.75e-05 	8.76e-05 	0.000137 	0.000509 	0.000611 	0.000111
10 22 	0.00133 	0.000274 	0.000475 	0.00117 	0.00147 	0.00156 	0.000876
11 23 	0.000541 	0.00196 	0.00209 	0.00181 	0.00809 	0.00686 	0.0009
12 24 	0.0636 		0.0637 		0.0593 		0.242 		0.179 		0.286 		0.704
12 25 	0.0014 		0.00088 	0.000946 	0.0024 		0.00174 	0.00355 	0.00221
12 26 	0.0008341 	0.00114183 	0.00092711 	0.00243357 	0.00199278 	0.00426766 	0.001105
13 27 	0.00357 	0.00235 	0.00231 	0.00698 	0.00505 	0.00873 	0.0301
14 28 	0.0899 		0.0429 		0.153 		0.128 		0.12 		0.165 		0.881
14 29 	0.00142 	0.000382 	0.000601 	0.00111 	0.00044 	0.00103 	0.00604
14 30 	0.00185 	0.000425 	0.000534 	0.000776 	0.000275 	0.000709 	0.0101
15 31 	0.000531 	8.12e-05 	0.000187 	0.000197 	0.000107 	0.000204 	0.00348
16 32 	0.037 		0.0164 		0.0788 		0.0562 		0.0551 		0.078 		0.329
16 33 	0.000196 	4.76e-05 	0.000301 	9.9e-05 	8.12e-05 	0.000139 	0.000837
16 34 	0.000922 	0.000239 	0.000637 	0.00031 	0.000179 	0.000368 	0.00212
16 36 	7.49e-07 	1.55e-07 	3.2e-07 	4.05e-07 	6.53e-07 	9.04e-07 	5.56e-07
17 35 	8.16e-05 	8.1e-06 	8.16e-05 	2.33e-05 	2.1e-05 	3.35e-05 	0.000352
17 37 	1.44e-05 	2.63e-06 	4.13e-05 	1.02e-05 	1.29e-05 	1.92e-05 	6.31e-05
18 36 	0.00569 	0.00246 	0.0122 		0.0101 		0.00929 	0.0135 		0.0456
18 38 	0.000268 	2.26e-05 	0.000412 	0.000107 	8.25e-05 	0.000163 	0.000837
18 40 	1.76157517e-07 	4.90115473e-08 	1.03232130e-07 	5.43448272e-08 	9.81586840e-08 	1.1805632e-07	6.84409362653e-08
19 39 	2.51e-05 	4.15e-06 	5.69e-05 	1.39e-05 	1.52e-05 	2.37e-05 	0.000111
19 40 	2.64424829976e-08 	1.93845270095e-09 	3.89678696807e-08 	7.52517279293e-09 	9.85131603408e-09 	9.4536847108e-09 	2.36590637347e-08
19 41 	2.41e-06 	3.13e-07 	1.09e-05 	2.07e-06 	2.22e-06 	3.98e-06 	1.52e-05
20 40 	0.00472999984248 	0.00172999998845 	0.00805999976787 	0.00919999995517 	0.00793999994132 	0.0116999999437 	0.0365999998591
20 42 	6.62e-06 	4.05e-07 	1.35e-05 	2.79e-06 	2.49e-06 	4.64e-06 	2.29e-05
20 43 	4.15e-07 	3.35e-07 	2.45e-07 	1.91e-07 	2.9e-07 	3.55e-07 	2.81e-07
20 44 	2.48e-05 	2.07e-05 	1.87e-05 	4.88e-06 	7.96e-06 	6.44e-06 	1.1e-05
20 46 	6.65e-08 	1.41e-08 	2.55e-08 	3.35e-08 	3.02e-08 	7.09e-08 	1.22e-07
20 48 	3.16e-07 	9.66e-08 	1.22e-07 	1.25e-07 	1.57e-07 	1.86e-07 	2.17e-07
21 45 	2.52e-07 	5.08e-08 	3.55e-07 	2.16e-07 	3.24e-07 	4.22e-07 	9.92e-07
22 46 	3.98e-06 	1.24e-05 	5.11e-06 	1.36e-06 	1.31e-06 	2.15e-06 	9.99e-06
22 47 	2.55e-06 	1.28e-05 	1.5e-06 	4.3e-07 	3.36e-07 	4.5e-07 	6.35e-07
22 48 	9.68e-05 	5.19e-05 	9.98e-05 	0.000137 	0.000117 	0.000167 	0.000253
22 49 	3.85e-06 	1.94e-06 	4.13e-06 	6.78e-06 	5.68e-06 	8.43e-06 	1.4e-05
22 50 	6.32e-07 	1.62e-07 	1.86e-07 	5.05e-07 	8.49e-07 	1.14e-06 	1.16e-06
23 50 	1.09999999997e-08 	1.11999999997e-09 	1.80999999996e-09 	8.4899999998e-09 	1.30999999997e-08 	2.05999999995e-08 	9.24999999978e-08
23 51 	8.95e-06 	1.62e-05 	7.56e-06 	8.23e-06 	7.52e-06 	9.95e-06 	1.94e-05
24 50 	2.1e-05 	1.33e-05 	2.99e-05 	2.37e-05 	2.75e-05 	3.51e-05 	0.000135
24 52 	0.0012 		0.000303 	0.00152 	0.00222 	0.00218 	0.00292 	0.00394
24 53 	7.43e-05 	2.82e-05 	9.06e-05 	0.000137 	0.000111 	0.000177 	0.000256
24 54 	1.87e-06 	4.8e-07 	5.96e-07 	1.41e-06 	2.18e-06 	2.74e-06 	2.84e-06
25 55 	0.000227 	8.01e-05 	0.000281 	0.00038 	0.000299 	0.000501 	0.000786
26 54 	0.00153 	0.000707 	0.00206 	0.00237 	0.00225 	0.00331 	0.0104
26 56 	0.0726 		0.0708 		0.0711 		0.0709 		0.0711 		0.0712 		0.0715
26 57 	0.00141 	0.00175 	0.00127 	0.000721 	0.00053 	0.000583 	0.000575
26 58 	5.68e-05 	1.31e-05 	1.55e-05 	4.99e-05 	7.78e-05 	9.28e-05 	0.000102
27 59 	8.91e-05 	0.000232 	6.3e-05 	6.21e-05 	3.42e-05 	5.39e-05 	4.42e-05
28 58 	0.000509 	0.000911 	0.00176 	0.000354 	0.000251 	0.000379 	0.00078
28 60 	0.00162 	0.00257 	0.00117 	0.000295 	6.57e-05 	0.000194 	0.000101
28 61 	5.05e-05 	6.92e-05 	4.63e-05 	1.22e-05 	1.57e-05 	2.1e-05 	2.06e-05
28 62 	0.000101 	0.000187 	0.000297 	2.53e-05 	3.71e-05 	5.15e-05 	7.6e-05
28 64 	1.62e-05 	1.83e-06 	2.3e-06 	2.37e-05 	4.32e-05 	6.46e-05 	7.83e-05
29 63 	8.05e-06 	5.47e-06 	2.78e-06 	9.64e-06 	1.44e-05 	1.97e-05 	1.4e-05
29 65 	4.85e-06 	8.85e-07 	1.14e-06 	8.05e-06 	1.49e-05 	2.23e-05 	2.9e-05
30 64 	7.15e-05 	6.5e-05 	5.32e-05 	1.17e-05 	9.03e-06 	1.61e-05 	1.29e-05
30 66 	9.89e-06 	3.96e-06 	7.73e-06 	1.12e-05 	1.93e-05 	3.09e-05 	4.78e-05
30 67 	1.04e-06 	1.41e-07 	1.87e-07 	2.04e-06 	3.86e-06 	6.06e-06 	4.18e-06
30 68 	6.87e-06 	5.82e-07 	7.86e-07 	9.86e-06 	1.86e-05 	3.15e-05 	4.63e-05
30 70 	2.29e-07 	1.05e-08 	1.75e-08 	2.86e-08 	2.35e-08 	7.37e-08 	1.39e-07
