1 1 	6.59 		7.58 		8.43 		8.77 		10.6 		11.7 		14.0
1 2 	1.49e-16 	1.69e-16 	1.28e-16 	8.66e-17 	2.02e-16 	1.34e-16 	3.46e-16
2 3 	4.12e-05 	4.09e-05 	3.33e-05 	4.76e-05 	0.000211 	0.000206 	2.56e-05
2 4 	4.01 		4.4 		5.42 		5.94 		8.03 		9.52 		11.9
3 6 	3.65e-23 	1.11e-22 	4.37e-23 	3.65e-21 	2.69e-21 	1.13e-22 	7.54e-22
3 7 	2.17e-10 	2.94e-10 	7.34e-11 	2.79e-10 	5.68e-09 	2.36e-08 	3.76e-11
4 9 	1.77e-20 	3.22e-22 	1.05e-22 	4.49e-23 	1.24e-17 	1.26e-20 	5.33e-20
5 10 	2.92e-21 	8.3e-20 	3.92e-21 	1.57e-19 	2.87e-18 	5.18e-20 	2.37e-17
5 11 	2.94e-16 	3.3e-16 	7.14e-16 	6.54e-17 	9.46e-16 	3.27e-15 	3.07e-14
6 12 	0.0741 		0.172 		0.218 		0.211 		0.294 		0.337 		0.429
6 13 	8.39e-08 	6.21e-08 	2.63e-09 	1.14e-08 	1.47e-08 	1.02e-08 	3.21e-09
7 14 	0.00183 	0.00186 	0.000189 	5.42e-05 	0.000591 	1.64e-06 	5.89e-07
7 15 	6.38e-08 	6.86e-08 	2.4e-08 	1.13e-08 	1.17e-07 	1.67e-08 	6.29e-07
8 16 	0.45 		0.773 		1.38 		2.11 		2.79 		4.81 		8.38
8 17 	1.69e-06 	1.57e-06 	2.79e-07 	6.83e-08 	1.49e-06 	1.88e-08 	1.42e-09
8 18 	5.79e-08 	4.89e-06 	4.63e-06 	2.52e-08 	6.75e-07 	2.06e-09 	2.13e-07
9 19 	1.17e-10 	1.97e-09 	7.91e-09 	1.62e-09 	1.71e-09 	8.94e-10 	2.38e-10
10 20 	0.0153 		0.327 		0.494 		0.912 		0.533 		0.851 		0.307
10 21 	5.42e-07 	3.76e-05 	9.12e-05 	4.3e-05 	1.33e-05 	5.51e-05 	1.08e-05
10 22 	1.98e-07 	1.61e-05 	2.57e-05 	6.92e-05 	2.02e-05 	8.57e-05 	6.75e-06
11 23 	0.000144 	0.00245 	0.00208 	0.0029 		0.00103 	0.00142 	0.000184
12 24 	0.0862 		0.0682 		0.157 		0.15 		0.12 		0.226 		0.478
12 25 	0.000156 	0.000298 	0.000583 	0.000116 	3.97e-05 	0.000244 	0.000428
12 26 	7.1691e-05 	0.00039911 	0.00087633 	0.000238498 	5.085e-05 	0.00013192 	0.00012639
13 27 	0.00378 	0.00137 	0.00314 	0.00137 	0.000808 	0.00263 	0.0147
14 28 	0.0804 		0.0732 		0.116 		0.0994 		0.351 		0.248 		1.02
14 29 	0.00075 	0.000239 	0.000442 	0.000182 	0.000271 	0.000588 	0.0026
14 30 	0.00142 	0.000149 	0.000345 	0.00011 	7.54e-05 	0.000255 	0.00406
15 31 	0.000488 	5.63e-05 	0.000132 	8.01e-05 	8.47e-05 	0.000117 	0.0016
16 32 	0.0237 		0.032 		0.0407 		0.0531 		0.185 		0.116 		0.373
16 33 	8.98e-05 	7.55e-05 	0.000103 	0.000198 	0.000274 	0.000165 	0.00081
16 34 	0.000279 	0.000202 	0.000285 	0.00049 	0.000424 	8.42e-05 	0.00159
16 36 	1.48e-08 	1.43e-09 	5.34e-09 	2.56e-09 	3.41e-10 	7.04e-10 	3.19e-08
17 35 	5.48e-05 	1.46e-05 	2.64e-05 	6.88e-05 	5.42e-05 	2.3e-05 	0.000216
17 37 	3.04e-06 	5.83e-06 	9.12e-06 	3.86e-05 	6.11e-05 	1.54e-05 	9.66e-05
18 36 	0.00324 	0.00528 	0.00567 	0.00967 	0.031 		0.0196 		0.0487
18 38 	5.23e-05 	6.23e-05 	0.00017 	0.000386 	0.000359 	3.48e-05 	0.00111
18 40 	8.68507286733e-11 	2.3188739555e-11 	5.12065159647e-11 	1.82981993643e-10 	6.53104022224e-11 	1.05461616678e-11 	1.90585594915e-10
19 39 	5.02e-06 	7.86e-06 	1.93e-05 	4.4e-05 	6.3e-05 	1.3e-05 	0.000118
19 40 	1.13324927133e-09 	9.04611260445e-10 	1.94839348404e-09 	1.29230180064e-08 	7.99238959778e-09 	9.88113838332e-10 	1.03384144051e-08
19 41 	3.54e-07 	8.05e-07 	1.72e-06 	9.47e-06 	2.08e-05 	3.39e-06 	2.8e-05
20 40 	0.00291999999325 	0.00440999999461 	0.00439999998839 	0.00621999992302 	0.0247999999524 	0.0173999999941 	0.0372999999384
20 42 	9.77e-07 	1.23e-06 	3.62e-06 	1.28e-05 	7.46e-06 	8.62e-07 	2.17e-05
20 43 	6.46e-08 	4.93e-08 	3.39e-08 	7.43e-08 	1.58e-08 	1.93e-09 	9.65e-09
20 44 	1.68e-05 	2.21e-05 	1.45e-05 	1.45e-05 	9.79e-06 	5.44e-06 	8.71e-06
20 46 	1.07e-12 	1.76e-12 	9.27e-12 	1.3e-10 	2.78e-11 	6.05e-13 	5.2e-12
20 48 	1.55e-17 	4.21e-14 	4.12e-16 	4.4e-16 	1.26e-11 	3.55e-16 	1.3e-17
21 45 	2.12e-08 	4.03e-08 	5.54e-08 	2.55e-07 	6.16e-07 	1.51e-07 	5.81e-07
22 46 	6.28e-06 	2.71e-06 	4.06e-06 	5.98e-06 	3.18e-06 	5.28e-07 	1.08e-05
22 47 	8.76e-06 	3.86e-06 	5.3e-06 	4.26e-06 	5.9e-08 	3.8e-08 	9.3e-08
22 48 	6.34e-05 	8.39e-05 	7.65e-05 	8.86e-05 	0.000155 	0.00018 	0.000245
22 49 	2.27e-06 	3.32e-06 	3e-06 		3.94e-06 	7.04e-06 	8.84e-06 	1.2e-05
22 50 	1.18e-12 	9.55e-13 	1.72e-12 	1.83e-12 	2.24e-12 	4.59e-14 	9.41e-12
23 50 	1.34999999997e-11 	1.04999999997e-11 	4.59999999989e-11 	1.35999999997e-10 	1.16999999997e-10 	2.63999999994e-12 	6.52999999984e-10
23 51 	1.65e-05 	1.08e-05 	1.24e-05 	1.1e-05 	9.01e-06 	1.06e-05 	1.76e-05
24 50 	1.04e-05 	1.55e-05 	2.64e-05 	2.22e-05 	4.88e-05 	3.82e-05 	0.000178
24 52 	0.00088 	0.00109 	0.00113 	0.00136 	0.00277 	0.00312 	0.00395
24 53 	4.96e-05 	6.76e-05 	6.43e-05 	8.28e-05 	0.00015 	0.000182 	0.000261
24 54 	2.35e-10 	4.13e-10 	3.25e-09 	3.18e-09 	9.32e-09 	1.72e-10 	8.59e-08
25 55 	0.000133 	0.000185 	0.000174 	0.000226 	0.00043 	0.000516 	0.000715
26 54 	0.000729 	0.00124 	0.0014 		0.00142 	0.00331 	0.00409 	0.0093
26 56 	0.07 		0.07 		0.07 		0.07 		0.07 		0.07 		0.0702
26 57 	0.000997 	0.00114 	0.000878 	0.000867 	0.000467 	0.000483 	0.000501
26 58 	5.67e-11 	1.76e-10 	8.07e-10 	1.05e-09 	2.31e-09 	2.26e-10 	1.41e-08
27 59 	0.000176 	0.000132 	0.000161 	0.00015 	1.57e-05 	2.47e-06 	1.87e-06
28 58 	0.000385 	0.000414 	0.000383 	0.000378 	0.000293 	0.000382 	0.000574
28 60 	0.00212 	0.00162 	0.00157 	0.00134 	0.000148 	3.6e-06 	4.38e-06
28 61 	3.61e-05 	3.14e-05 	2.12e-05 	1.85e-05 	5.77e-07 	6.04e-09 	1.32e-09
28 62 	1.94e-05 	1.51e-05 	1.35e-05 	1.19e-05 	3.88e-07 	1.64e-09 	5.36e-10
28 64 	3.83e-15 	9.97e-14 	1.09e-14 	6.1e-14 	3.27e-12 	3.26e-14 	7.71e-15
29 63 	4.89e-06 	3.54e-06 	3.92e-06 	3.44e-06 	1.23e-07 	2.37e-10 	2.06e-11
29 65 	2.14e-07 	2.42e-07 	1.63e-07 	1.42e-07 	7.79e-09 	1.03e-12 	1.3e-13
30 64 	0.000125 	0.000122 	9.5e-05 	8.29e-05 	2.54e-06 	3.02e-10 	4.36e-11
30 66 	6.84e-07 	1.07e-06 	5.05e-07 	4.24e-07 	1.59e-08 	3.53e-12 	5.14e-13
30 67 	1.62e-08 	2.33e-08 	1.3e-08 	1.05e-08 	2.16e-10 	6.31e-13 	8.47e-14
30 68 	2.94e-08 	3.24e-08 	4.02e-08 	3.43e-08 	8.05e-10 	1.3e-12 	2.62e-13
30 70 	6.94e-16 	3.59e-14 	6.59e-15 	2.51e-14 	3.97e-14 	1.86e-14 	4.45e-16
