1 1        6.86E+00  7.77E+00  9.74E+00  1.16E+01  1.32E+01  1.47E+01 
1 2        6.55E-17  5.95E-17  6.34E-17  1.77E-16  9.76E-16  3.05E-16 
2 3       3.07E-05  3.01E-05  2.90E-05  2.77E-05  2.72E-05  2.71E-05 
2 4       4.05E+00  4.65E+00  6.26E+00  7.78E+00  9.33E+00  1.07E+01 
3 6       5.22E-19  1.16E-18  3.20E-18  1.88E-16  6.86E-16  1.73E-16 
3 7       4.15E-11  1.19E-10  2.16E-10  2.40E-10  2.60E-10  2.42E-10 
4 9       1.15E-59  1.33E-59  1.80E-59  4.11E-30  5.25E-29  2.89E-30 
5 10       4.65E-18  1.06E-17  6.22E-17  2.16E-15  6.79E-15  1.59E-14 
5 11       9.11E-16  1.55E-15  3.01E-15  3.85E-13  1.29E-12  2.02E-12 
6 12       7.87E-02  1.39E-01  3.35E-01  4.01E-01  7.16E-01  7.48E-01 
6 13       3.66E-09  5.10E-10  2.31E-08  8.30E-03  9.15E-03  1.55E-04 
7 14       3.71E-08  2.95E-07  2.05E-06  5.26E-02  6.95E-02  1.17E-04 
7 15       1.10E-09  9.77E-10  3.24E-09  4.32E-06  4.51E-06  1.29E-07 
8 16       1.60E-01  3.46E-01  1.00E+00  2.03E+00  3.04E+00  4.39E+00 
8 17       4.35E-09  2.14E-08  1.70E-07  1.58E-04  1.99E-04  5.07E-05 
8 18       6.83E-09  8.80E-09  2.52E-08  7.55E-05  8.47E-05  2.24E-06 
9 19       4.64E-11  7.00E-11  2.47E-10  4.14E-07  7.62E-07  1.90E-07 
10 20      3.08E-02  1.15E-01  2.22E-01  6.73E-01  3.43E-01  1.08E+00 
10 21      1.19E-06  3.31E-06  1.46E-05  6.30E-05  4.70E-05  4.69E-05 
10 22      2.97E-07  1.46E-06  6.28E-06  6.15E-05  8.76E-05  3.74E-05 
11 23      1.51E-04  5.79E-04  1.32E-03  4.00E-03  1.85E-03  3.31E-03 
12 24      2.85E-02  4.98E-02  1.02E-01  1.36E-01  1.71E-01  2.09E-01 
12 25      7.56E-05  8.97E-05  2.92E-04  5.17E-04  3.51E-04  2.61E-04 
12 26      1.22E-04  1.96E-04  4.73E-04  7.40E-04  4.68E-04  4.61E-04 
13 27      4.07E-04  8.66E-04  1.50E-03  2.20E-03  1.47E-03  2.01E-03 
14 28      4.63E-02  5.30E-02  1.38E-01  1.15E-01  2.78E-01  1.90E-01 
14 29      2.72E-04  2.57E-04  7.41E-04  5.13E-04  1.17E-03  5.38E-04 
14 30      2.55E-04  1.84E-04  5.05E-04  2.81E-04  5.63E-04  1.78E-04 
15 31       1.02E-04  9.72E-05  2.30E-04  1.46E-04  3.10E-04  1.25E-04 
16 32       1.98E-02  2.15E-02  6.13E-02  5.27E-02  1.30E-01  9.18E-02 
16 33       4.73E-05  5.04E-05  1.29E-04  9.38E-05  2.28E-04  1.12E-04 
16 34       2.93E-04  1.94E-04  5.49E-04  2.62E-04  6.10E-04  1.53E-04 
16 36       8.74E-09  2.04E-09  9.52E-09  2.72E-09  5.24E-09  4.23E-10 
17 35      2.26E-05  2.61E-05  4.35E-05  3.39E-05  7.01E-05  2.74E-05 
17 37      2.44E-06  2.66E-06  7.10E-06  5.91E-06  1.37E-05  8.82E-06 
18 36      3.88E-03  4.12E-03  1.18E-02  1.05E-02  2.56E-02  1.87E-02 
18 38      6.26E-05  4.52E-05  1.22E-04  6.15E-05  1.54E-04  7.11E-05 
18 40      2.24E-09  5.25E-11  2.02E-10  5.16E-11  8.51E-11  8.81E-12 
19 39       1.42E-05  2.13E-05  1.95E-05  1.87E-05  2.55E-05  1.44E-05 
19 40       6.86E-09  2.58E-09  6.24E-09  3.13E-09  6.41E-09  1.60E-09 
19 41       6.88E-07  7.79E-07  1.54E-06  1.47E-06  3.06E-06  2.07E-06 
20 40      3.74E-03  3.83E-03  1.07E-02  9.82E-03  2.31E-02  1.70E-02 
20 42      9.50E-06  1.13E-06  2.13E-06  1.34E-06  2.73E-06  1.54E-06 
20 43      1.81E-06  3.77E-07  1.14E-07  9.92E-08  4.37E-09  1.56E-09 
20 44      6.94E-05  5.94E-05  3.00E-05  5.73E-05  1.18E-05  1.03E-05 
20 46      4.62E-13  5.52E-14  3.32E-13  5.74E-14  1.94E-13  3.96E-15 
20 48      1.29E-18  4.04E-19  4.38E-19  3.70E-16  6.58E-14  2.13E-19 
21 45      1.28E-06  5.50E-08  7.93E-08  8.40E-08  1.63E-07  1.05E-07 
22 46      5.97E-06  1.24E-06  1.36E-06  1.09E-06  1.55E-06  1.02E-06 
22 47      6.11E-06  9.57E-07  3.60E-07  4.52E-07  5.33E-08  4.13E-08 
22 48      1.99E-04  1.70E-04  1.85E-04  2.11E-04  2.27E-04  1.94E-04 
22 49      5.87E-06  2.81E-06  5.52E-06  5.40E-06  9.81E-06  8.86E-06 
22 50      4.83E-12  1.66E-12  4.40E-12  1.02E-12  2.13E-12  1.89E-13 
23 50       4.79E-10  1.21E-11  3.07E-11  9.79E-12  2.34E-11  6.60E-12 
23 51       1.26E-05  5.32E-06  6.70E-06  9.42E-06  1.30E-05  1.06E-05 
24 50      1.62E-05  8.49E-06  1.00E-05  1.35E-05  1.90E-05  1.35E-05 
24 52      1.13E-03  9.22E-04  2.32E-03  1.89E-03  4.00E-03  3.43E-03 
24 53      7.63E-05  6.52E-05  1.24E-04  1.22E-04  2.22E-04  2.00E-04 
24 54      1.37E-09  1.23E-10  3.35E-10  1.62E-10  3.75E-10  2.15E-10 
25 55      3.16E-04  3.02E-04  3.54E-04  5.11E-04  7.06E-04  5.89E-04 
26 54      1.17E-03  1.06E-03  1.03E-03  1.61E-03  2.18E-03  1.59E-03 
26 56      9.12E-02  1.00E-01  1.00E-01  1.00E-01  1.00E-01  1.00E-01 
26 57      3.72E-03  3.43E-03  1.98E-03  2.41E-03  8.51E-04  1.07E-03 
26 58      4.02E-08  5.51E-11  1.24E-10  8.14E-11  2.00E-10  1.34E-10 
27 59      2.74E-03  2.14E-04  8.04E-05  8.58E-05  4.26E-06  7.58E-06  
28 58      1.27E-01  3.03E-03  1.31E-03  6.56E-04  3.34E-04  3.24E-04 
28 60      1.67E-02  2.87E-03  1.47E-03  2.36E-03  1.37E-04  3.06E-04 
28 61      1.41E-03  1.53E-04  6.55E-05  9.64E-05  2.50E-06  6.29E-06 
28 62      1.79E-02  8.48E-04  3.01E-04  3.31E-04  3.77E-06  7.66E-06 
28 64      5.81E-09  2.16E-16  1.40E-18  4.30E-16  2.32E-15  2.12E-15 
29 63      6.07E-04  2.17E-06  7.73E-07  2.00E-06  5.25E-07  2.21E-06 
29 65      4.07E-05  1.79E-06  6.52E-07  9.84E-07  1.84E-08  5.93E-08 
30 64      1.03E-02  2.68E-05  1.34E-05  3.49E-05  1.90E-06  7.30E-06 
30 66      1.68E-04  2.32E-05  7.78E-06  9.06E-06  4.20E-08  1.45E-07 
30 67      3.41E-05  5.47E-08  1.30E-08  1.28E-08  1.72E-11  6.29E-11 
30 68      7.93E-04  1.00E-08  2.19E-09  2.52E-09  4.54E-12  1.69E-11 
30 70      5.87E-21  1.44E-20  9.50E-24  8.71E-20  5.62E-20  9.80E-20 
