1 1        6.74E+00  7.61E+00  9.61E+00  1.14E+01  1.31E+01  1.47E+01 
1 2        1.64E-16  1.81E-16  2.20E-16  2.54E-16  2.85E-16  3.17E-16 
2 3       9.01E-05  8.27E-05  7.10E-05  6.48E-05  6.13E-05  5.92E-05 
2 4       3.83E+00  4.43E+00  5.85E+00  7.14E+00  8.50E+00  9.85E+00 
3 6       2.16E-12  2.28E-12  2.21E-12  2.40E-12  2.27E-12  2.40E-12 
3 7       4.53E-17  1.03E-15  3.45E-13  1.82E-12  3.29E-12  4.43E-12 
4 9       5.96E-13  5.85E-13  6.37E-13  6.18E-13  6.35E-13  6.15E-13 
5 10       4.17E-12  4.33E-12  4.51E-12  4.53E-12  4.69E-12  4.71E-12 
5 11       3.16E-11  3.46E-11  4.15E-11  4.76E-11  5.34E-11  5.88E-11 
6 12       1.09E-01  2.00E-01  3.01E-01  5.43E-01  6.24E-01  8.14E-01 
6 13       4.37E-06  4.98E-06  6.40E-06  7.60E-06  8.92E-06  1.02E-05 
7 14       2.99E-04  3.37E-04  4.17E-04  5.21E-04  6.21E-04  7.22E-04 
7 15       6.07E-08  6.76E-08  8.35E-08  1.34E-07  1.24E-07  1.54E-07 
8 16       3.17E-01  4.59E-01  1.37E+00  2.38E+00  3.75E+00  4.97E+00 
8 17       3.89E-06  3.98E-06  4.39E-06  5.32E-06  5.45E-06  5.09E-06 
8 18       4.47E-06  7.13E-06  6.55E-06  3.31E-06  1.46E-06  1.41E-06 
9 19       1.58E-08  1.87E-08  3.71E-08  5.84E-08  7.29E-08  1.06E-07 
10 20      1.33E-01  4.24E-02  4.89E-01  6.77E-01  1.05E+00  1.19E+00 
10 21      6.85E-06  5.93E-06  2.98E-05  5.12E-05  8.11E-05  7.75E-05 
10 22      6.27E-05  9.50E-05  2.09E-04  3.11E-04  3.68E-04  4.17E-04 
11 23      7.83E-04  1.84E-04  1.83E-03  3.06E-03  4.48E-03  3.99E-03 
12 24      5.12E-02  5.41E-02  1.70E-01  1.43E-01  2.23E-01  2.22E-01 
12 25      1.52E-04  1.67E-04  6.55E-04  3.25E-04  4.88E-04  3.25E-04 
12 26      3.15E-04  2.33E-04  1.17E-03  5.33E-04  9.11E-04  6.07E-04 
13 27      1.18E-03  5.50E-04  2.97E-03  1.84E-03  3.05E-03  2.40E-03 
14 28      7.48E-02  1.14E-01  1.11E-01  1.71E-01  1.69E-01  2.33E-01 
14 29      2.84E-04  6.55E-04  7.31E-04  5.07E-04  7.39E-04  6.35E-04 
14 30      2.50E-04  5.33E-04  5.30E-04  2.35E-04  3.47E-04  2.27E-04 
15 31       1.12E-04  2.21E-04  2.20E-04  1.49E-04  2.00E-04  1.56E-04 
16 32       3.64E-02  4.90E-02  4.41E-02  8.22E-02  7.43E-02  1.15E-01 
16 33       6.75E-05  1.29E-04  8.88E-05  1.23E-04  1.33E-04  1.47E-04 
16 34       3.75E-04  7.53E-04  3.36E-04  3.09E-04  2.84E-04  2.53E-04 
16 36       1.04E-08  2.33E-08  1.40E-08  1.10E-08  1.40E-08  1.40E-08 
17 35      3.39E-05  5.04E-05  3.42E-05  3.95E-05  3.81E-05  3.73E-05 
17 37      1.00E-05  8.03E-06  5.06E-06  1.05E-05  9.78E-06  1.36E-05 
18 36      7.00E-03  8.94E-03  8.34E-03  1.61E-02  1.46E-02  2.33E-02 
18 38      2.92E-04  1.93E-04  7.28E-05  1.49E-04  8.05E-05  1.17E-04 
18 40      1.63E-09  2.16E-09  2.50E-09  2.85E-09  3.52E-09  3.88E-09 
19 39       3.74E-05  1.96E-05  2.18E-05  2.39E-05  1.64E-05  2.33E-05 
19 40       6.38E-09  1.25E-08  9.40E-09  1.25E-08  1.91E-08  2.25E-08 
19 41       2.77E-06  1.67E-06  1.32E-06  2.52E-06  2.43E-06  3.52E-06 
20 40      6.08E-03  7.71E-03  7.53E-03  1.42E-02  1.36E-02  2.11E-02 
20 42      1.01E-05  3.62E-06  1.58E-06  3.53E-06  1.64E-06  2.60E-06 
20 43      3.13E-07  3.40E-08  1.96E-07  2.43E-08  3.80E-08  4.64E-08 
20 44      1.74E-05  4.12E-05  6.70E-05  1.85E-05  2.78E-05  1.20E-05 
20 46      1.62E-10  2.00E-10  2.54E-10  3.11E-10  3.75E-10  4.29E-10 
20 48      7.99E-09  9.03E-09  1.23E-08  1.52E-08  1.85E-08  2.10E-08 
21 45      1.31E-07  7.54E-08  7.66E-08  1.34E-07  1.20E-07  1.85E-07 
22 46      8.04E-06  2.23E-06  1.40E-06  2.42E-06  1.00E-06  1.60E-06 
22 47      6.59E-07  1.43E-07  7.30E-07  9.63E-08  8.28E-08  7.80E-08 
22 48      1.22E-04  1.83E-04  2.07E-04  1.83E-04  1.83E-04  2.22E-04 
22 49      7.29E-06  4.88E-06  5.52E-06  8.12E-06  5.99E-06  9.27E-06 
22 50      1.01E-08  1.15E-08  1.77E-08  2.40E-08  3.38E-08  4.32E-08 
23 50       2.56E-10  2.86E-10  3.72E-10  7.89E-10  7.75E-10  2.06E-09 
23 51       2.10E-05  8.02E-06  1.16E-05  1.30E-05  7.56E-06  1.19E-05 
24 50      7.65E-05  1.57E-05  2.46E-05  2.54E-05  8.63E-06  1.59E-05 
24 52      1.76E-03  1.79E-03  1.57E-03  2.84E-03  2.51E-03  4.03E-03 
24 53      1.72E-04  1.10E-04  1.18E-04  1.81E-04  1.35E-04  2.14E-04 
24 54      4.32E-08  3.93E-08  6.62E-08  9.43E-08  1.36E-07  1.75E-07 
25 55      9.35E-04  3.99E-04  5.22E-04  6.50E-04  4.37E-04  7.01E-04 
26 54      5.58E-03  1.43E-03  2.43E-03  2.42E-03  1.06E-03  1.87E-03 
26 56      1.00E-01  1.00E-01  1.00E-01  1.00E-01  1.00E-01  1.00E-01 
26 57      3.37E-03  2.29E-03  2.93E-03  1.54E-03  1.65E-03  7.77E-04 
26 58      4.15E-07  5.42E-07  1.17E-06  1.89E-06  3.48E-06  5.06E-06
27 59      2.37E-04  3.50E-05  1.24E-04  1.24E-05  1.53E-05  5.97E-06 
28 58      8.91E-03  3.11E-04  1.15E-03  3.70E-04  2.76E-04  3.13E-04 
28 60      1.88E-03  2.35E-03  2.61E-03  1.05E-03  1.33E-03  8.04E-05 
28 61      1.50E-04  8.92E-05  1.20E-04  3.03E-05  4.09E-05  1.47E-06 
28 62      1.98E-03  2.08E-04  4.62E-04  5.52E-05  6.59E-05  2.83E-06 
28 64      4.43E-08  4.94E-08  7.14E-08  8.94E-08  1.14E-07  1.37E-07 
29 63      3.05E-06  1.68E-05  2.24E-06  1.13E-05  1.25E-05  1.53E-07 
29 65      1.91E-06  1.00E-06  1.29E-06  3.90E-07  7.05E-07  8.23E-08 
30 64      1.45E-05  7.01E-05  3.31E-05  3.57E-05  6.38E-05  3.39E-07 
30 66      5.96E-05  7.71E-06  1.28E-05  1.82E-06  3.24E-06  1.16E-07 
30 67      1.51E-07  1.34E-08  3.23E-08  1.27E-08  1.73E-08  1.82E-08 
30 68      1.12E-07  2.93E-08  4.35E-08  5.08E-08  6.48E-08  7.72E-08 
30 70      7.89E-10  9.57E-10  1.21E-09  1.48E-09  1.76E-09  2.01E-09 
