1	1	0.0	-0.0081416	-0.014754	-0.021744	-0.037844	-0.049401	-0.051782	-0.10009	-0.14993	-0.16007	-0.094816	-0.16309	-0.26656	-0.42862	-0.42997	-0.55393	0.0
1	2	0.0	1.3307e-18	2.4824e-18	4.2415e-18	5.6993e-18	6.6879e-18	7.585e-18	9.7831e-18	1.1168e-17	1.3017e-17	1.599e-17	1.7075e-17	1.935e-17	1.9381e-17	2.1842e-17	2.3262e-17	0.0
2	3	0.0	0.00012318	0.00019058	0.00028162	0.00031909	0.00031063	0.0003026	0.00026589	0.00024924	0.00024419	8.3302e-05	2.5061e-05	3.1272e-06	1.7582e-06	1.8509e-06	1.4308e-06	0.0
2	4	0.0	0.0080121	0.01442	0.01948	0.031679	0.039616	0.040437	0.074465	0.11151	0.11744	0.069087	0.12958	0.21593	0.35933	0.38016	0.50312	0.0
3	6	0.0	0.0	0.0	0.0	0.0	0.0	0.0	0.0	0.0	0.0	0.0	0.0	0.0	0.0	0.0	0.0	0.0
3	7	0.0	-2.3369e-10	-5.0167e-10	-9.7434e-10	-1.3331e-09	-1.6076e-09	-1.7239e-09	-2.1058e-09	-2.8082e-09	-4.202e-09	1.5819e-08	7.4747e-09	-5.872e-09	-7.6117e-09	-8.4466e-09	-9.3467e-09	0.0
4	9	0.0	0.0	0.0	0.0	0.0	0.0	0.0	0.0	0.0	0.0	0.0	0.0	0.0	0.0	0.0	0.0	0.0
5	10	0.0	0.0	0.0	0.0	0.0	0.0	0.0	0.0	0.0	0.0	0.0	0.0	0.0	0.0	0.0	0.0	0.0
5	11	0.0	0.0	0.0	0.0	0.0	0.0	0.0	0.0	0.0	0.0	0.0	0.0	0.0	0.0	0.0	0.0	0.0
6	12	0.0	-4.3033e-05	1.7986e-05	0.0017035	0.0052782	0.0086435	0.010096	0.022866	0.033783	0.037806	0.022848	0.0073392	0.0032272	0.002662	0.0026022	0.0012989	0.0
6	13	0.0	4.3886e-06	6.595e-06	1.0048e-05	1.0728e-05	1.1818e-05	1.2701e-05	1.2898e-05	1.4266e-05	1.9892e-05	0.00034365	0.001683	0.00065773	0.00071613	0.00067895	0.00064443	0.0
7	14	0.0	4.975e-05	0.00011964	0.00020406	0.0003066	0.00035764	0.00036122	0.00045075	0.00058337	0.00071514	0.0010836	0.023045	0.045124	0.064904	0.04776	0.052871	0.0
7	15	0.0	0.0	0.0	0.0	0.0	0.0	0.0	0.0	0.0	0.0	0.0	0.0	0.0	0.0	0.0	0.0	0.0
8	16	0.0	-4.9506e-06	-4.3489e-06	2.787e-05	0.00010088	0.00012941	0.00013807	0.00017666	7.2568e-05	-7.8427e-06	9.2748e-05	2.0113e-05	-0.00087892	-0.0027454	-0.0031915	-0.0058275	0.0
8	17	0.0	3.419e-07	6.6665e-07	1.794e-06	7.3289e-06	1.2026e-05	1.1236e-05	1.8055e-05	1.5317e-05	1.7088e-05	1.0548e-05	6.5037e-06	9.5905e-06	9.3489e-06	1.1741e-05	9.1775e-06	0.0
8	18	0.0	-1.5011e-07	-4.7831e-07	-8.9341e-07	-1.4506e-06	-1.7796e-06	-1.8208e-06	-2.4359e-06	-3.0691e-06	-3.8952e-06	-1.0102e-05	-1.3544e-05	-1.561e-05	-1.7636e-05	-1.9662e-05	-2.1642e-05	0.0
9	19	0.0	-2.9012e-10	1.9616e-09	4.843e-08	2.3712e-07	5.9617e-07	8.1611e-07	4.0277e-06	8.7336e-06	1.1318e-05	3.0721e-06	2.1534e-06	5.4256e-07	2.2593e-07	7.748e-08	-2.3378e-07	0.0
10	20	0.0	-1.5178e-08	-6.464e-08	-4.0286e-07	-6.3423e-07	-2.4133e-07	2.4389e-07	1.3469e-05	4.0012e-05	5.2384e-05	1.0788e-05	1.1119e-05	2.3666e-05	4.4702e-05	1.7543e-05	4.4893e-05	0.0
10	21	0.0	1.0991e-08	1.2173e-08	2.0922e-08	3.9713e-08	7.122e-08	8.1581e-08	5.6583e-07	1.7084e-06	4.751e-06	2.8196e-06	1.566e-06	-2.2326e-06	-2.4739e-06	-3.1223e-06	-3.6335e-06	0.0
10	22	0.0	-1.7122e-07	1.5068e-06	3.5243e-05	0.00014074	0.0003154	0.00041602	0.0017728	0.0035418	0.0035691	0.0010872	0.001101	0.0019652	0.0026922	0.0013856	0.0010976	0.0
11	23	0.0	1.8413e-07	3.7807e-07	1.4316e-06	3.9035e-06	6.2525e-06	7.1221e-06	2.7758e-05	6.4845e-05	4.4656e-05	1.8266e-05	2.691e-05	4.5625e-05	7.4906e-05	4.6405e-05	1.481e-05	0.0
12	24	0.0	2.4738e-10	-2.8303e-09	4.0905e-08	9.0142e-08	1.6944e-07	2.3169e-07	1.855e-06	6.0036e-06	-2.0011e-06	-7.9526e-06	-7.4628e-06	-1.4342e-05	-7.2437e-05	-0.00011553	-0.0004407	0.0
12	25	0.0	-1.7405e-08	-3.0591e-08	-7.0877e-08	7.6133e-08	5.4831e-07	1.0217e-06	1.0952e-05	3.4022e-05	0.00010918	8.6701e-05	0.00013111	0.00022622	0.00045306	0.00032563	0.00064338	0.0
12	26	0.0	1.6736e-08	2.4244e-08	-8.0744e-09	-3.8854e-08	-4.644e-08	-5.825e-08	1.1618e-06	5.7829e-06	4.4348e-05	6.0037e-05	0.00012053	0.00021647	0.00049174	0.00026885	0.00040692	0.0
13	27	0.0	1.7576e-09	2.9972e-08	1.8694e-07	4.5811e-07	7.2347e-07	8.6104e-07	1.6611e-06	2.5015e-06	6.0064e-06	7.9837e-06	7.7783e-06	1.2195e-05	2.0441e-05	1.1091e-05	2.592e-05	0.0
14	28	0.0	-1.0914e-11	6.1118e-10	4.9477e-09	1.071e-08	1.3984e-08	1.4355e-08	-4.5708e-08	-1.7157e-07	2.2876e-07	4.7933e-06	8.5066e-06	1.4929e-05	2.7051e-05	1.8287e-05	2.1666e-05	0.0
14	29	0.0	-8.6402e-12	1.2278e-11	1.4402e-09	8.7339e-09	2.0856e-08	3.0142e-08	1.6923e-07	4.04e-07	1.1801e-06	1.4981e-06	2.4447e-06	4.1593e-06	7.2942e-06	4.9928e-06	5.6424e-06	0.0
14	30	0.0	-2.9559e-12	4.6953e-10	6.6593e-09	2.7123e-08	5.7295e-08	7.8408e-08	4.0069e-07	9.5681e-07	2.9652e-06	3.3057e-06	5.2811e-06	8.7966e-06	1.5619e-05	1.0571e-05	1.2749e-05	0.0
15	31	0.0	9.0381e-12	7.5147e-11	1.0275e-09	3.6575e-09	7.328e-09	9.5162e-09	4.3932e-08	1.0715e-07	4.3358e-07	6.574e-07	1.2621e-06	2.2421e-06	4.5533e-06	3.0033e-06	3.9349e-06	0.0
16	32	0.0	-8.3674e-11	-5.1296e-10	-7.2978e-09	-3.0057e-08	-6.3519e-08	-8.6315e-08	-4.1031e-07	-9.3941e-07	-2.6053e-06	-2.4586e-06	-3.3924e-06	-5.3008e-06	-7.79e-06	-5.2919e-06	-5.4838e-06	0.0
16	33	0.0	-5.6843e-14	1.3438e-10	2.3197e-09	8.6706e-09	1.7043e-08	2.2129e-08	6.8978e-08	1.1759e-07	1.2554e-07	5.2454e-08	4.6803e-08	5.6006e-08	5.9078e-08	4.3562e-08	4.0902e-08	0.0
16	34	0.0	8.1855e-12	-7.8217e-11	2.5466e-11	2.9104e-11	1.6007e-10	3.0923e-10	3.5725e-09	9.597e-09	3.1156e-08	2.4804e-08	3.443e-08	5.0641e-08	1.046e-07	6.4232e-08	9.5373e-08	0.0
16	36	0.0	0.0	0.0	0.0	0.0	0.0	0.0	0.0	0.0	0.0	0.0	0.0	0.0	0.0	0.0	0.0	0.0
17	35	0.0	0.0	0.0	0.0	0.0	0.0	0.0	0.0	0.0	0.0	0.0	0.0	0.0	0.0	0.0	0.0	0.0
17	37	0.0	0.0	0.0	0.0	0.0	0.0	0.0	0.0	0.0	0.0	0.0	0.0	0.0	0.0	0.0	0.0	0.0
18	36	0.0	0.0	0.0	0.0	0.0	0.0	0.0	0.0	0.0	0.0	0.0	0.0	0.0	0.0	0.0	0.0	0.0
18	38	0.0	0.0	0.0	0.0	0.0	0.0	0.0	0.0	0.0	0.0	0.0	0.0	0.0	0.0	0.0	0.0	0.0
18	40	0.0	0.0	0.0	0.0	0.0	0.0	0.0	0.0	0.0	0.0	0.0	0.0	0.0	0.0	0.0	0.0	0.0
19	39	0.0	0.0	0.0	0.0	0.0	0.0	0.0	0.0	0.0	0.0	0.0	0.0	0.0	0.0	0.0	0.0	0.0
19	40	0.0	0.0	0.0	0.0	0.0	0.0	0.0	0.0	0.0	0.0	0.0	0.0	0.0	0.0	0.0	0.0	0.0
19	41	0.0	0.0	0.0	0.0	0.0	0.0	0.0	0.0	0.0	0.0	0.0	0.0	0.0	0.0	0.0	0.0	0.0
20	40	0.0	0.0	0.0	0.0	0.0	0.0	0.0	0.0	0.0	0.0	0.0	0.0	0.0	0.0	0.0	0.0	0.0
20	42	0.0	0.0	0.0	0.0	0.0	0.0	0.0	0.0	0.0	0.0	0.0	0.0	0.0	0.0	0.0	0.0	0.0
20	43	0.0	0.0	0.0	0.0	0.0	0.0	0.0	0.0	0.0	0.0	0.0	0.0	0.0	0.0	0.0	0.0	0.0
20	44	0.0	0.0	0.0	0.0	0.0	0.0	0.0	0.0	0.0	0.0	0.0	0.0	0.0	0.0	0.0	0.0	0.0
20	46	0.0	0.0	0.0	0.0	0.0	0.0	0.0	0.0	0.0	0.0	0.0	0.0	0.0	0.0	0.0	0.0	0.0
20	48	0.0	0.0	0.0	0.0	0.0	0.0	0.0	0.0	0.0	0.0	0.0	0.0	0.0	0.0	0.0	0.0	0.0
21	45	0.0	0.0	0.0	0.0	0.0	0.0	0.0	0.0	0.0	0.0	0.0	0.0	0.0	0.0	0.0	0.0	0.0
22	46	0.0	0.0	0.0	0.0	0.0	0.0	0.0	0.0	0.0	0.0	0.0	0.0	0.0	0.0	0.0	0.0	0.0
22	47	0.0	0.0	0.0	0.0	0.0	0.0	0.0	0.0	0.0	0.0	0.0	0.0	0.0	0.0	0.0	0.0	0.0
22	48	0.0	0.0	0.0	0.0	0.0	0.0	0.0	0.0	0.0	0.0	0.0	0.0	0.0	0.0	0.0	0.0	0.0
22	49	0.0	0.0	0.0	0.0	0.0	0.0	0.0	0.0	0.0	0.0	0.0	0.0	0.0	0.0	0.0	0.0	0.0
22	50	0.0	0.0	0.0	0.0	0.0	0.0	0.0	0.0	0.0	0.0	0.0	0.0	0.0	0.0	0.0	0.0	0.0
23	50	0.0	0.0	0.0	0.0	0.0	0.0	0.0	0.0	0.0	0.0	0.0	0.0	0.0	0.0	0.0	0.0	0.0
23	51	0.0	0.0	0.0	0.0	0.0	0.0	0.0	0.0	0.0	0.0	0.0	0.0	0.0	0.0	0.0	0.0	0.0
24	50	0.0	0.0	0.0	0.0	0.0	0.0	0.0	0.0	0.0	0.0	0.0	0.0	0.0	0.0	0.0	0.0	0.0
24	52	0.0	0.0	0.0	0.0	0.0	0.0	0.0	0.0	0.0	0.0	0.0	0.0	0.0	0.0	0.0	0.0	0.0
24	53	0.0	0.0	0.0	0.0	0.0	0.0	0.0	0.0	0.0	0.0	0.0	0.0	0.0	0.0	0.0	0.0	0.0
24	54	0.0	0.0	0.0	0.0	0.0	0.0	0.0	0.0	0.0	0.0	0.0	0.0	0.0	0.0	0.0	0.0	0.0
25	55	0.0	0.0	0.0	0.0	0.0	0.0	0.0	0.0	0.0	0.0	0.0	0.0	0.0	0.0	0.0	0.0	0.0
26	54	0.0	-2.2737e-12	-1.1987e-09	-2.0468e-08	-7.5604e-08	-1.494e-07	-1.9411e-07	-7.0277e-07	-1.3497e-06	-2.1886e-06	-1.3418e-06	-1.5044e-06	-2.2406e-06	-2.9789e-06	-2.1317e-06	-2.1599e-06	0.0
26	56	0.0	4.1473e-10	-4.3656e-09	-7.6237e-08	-3.1121e-07	-6.514e-07	-8.8064e-07	-3.9651e-06	-8.7217e-06	-2.0721e-05	-1.6344e-05	-2.025e-05	-3.1191e-05	-4.3238e-05	-2.9917e-05	-3.0119e-05	0.0
26	57	0.0	-2.3419e-11	3.5577e-09	6.0399e-08	2.355e-07	4.7654e-07	6.2946e-07	2.2533e-06	4.1311e-06	4.6659e-06	1.4953e-06	9.7219e-07	1.0619e-06	6.7915e-07	6.5501e-07	4.8928e-07	0.0
26	58	0.0	5.9686e-13	1.3581e-09	2.2443e-08	1.0358e-07	2.325e-07	3.2722e-07	1.9005e-06	4.5848e-06	1.1297e-05	6.7542e-06	6.2802e-06	8.9463e-06	9.5291e-06	6.9448e-06	5.7672e-06	0.0
27	59	0.0	2.8422e-13	5.5647e-10	9.3099e-09	3.4376e-08	6.75e-08	8.9134e-08	4.0367e-07	9.5849e-07	3.102e-06	2.4978e-06	2.6028e-06	3.6758e-06	4.037e-06	2.9116e-06	2.5045e-06	0.0
28	58	0.0	1.3642e-12	-7.5715e-10	-1.3156e-08	-5.0426e-08	-1.0106e-07	-1.3272e-07	-4.9885e-07	-9.6935e-07	-1.5699e-06	-9.4442e-07	-1.0523e-06	-1.5634e-06	-2.0626e-06	-1.4554e-06	-1.4461e-06	0.0
28	60	0.0	1.819e-12	-5.2161e-11	-7.7641e-10	5.4995e-11	3.79e-09	7.8319e-09	1.1596e-07	3.6888e-07	2.3962e-06	4.0148e-06	6.2483e-06	9.318e-06	1.306e-05	8.8218e-06	8.9624e-06	0.0
28	61	0.0	1.0268e-07	1.9189e-07	3.2621e-07	4.5872e-07	5.6218e-07	6.5667e-07	1.2012e-06	1.9151e-06	5.1069e-06	6.3318e-06	9.8371e-06	1.6256e-05	2.662e-05	1.8963e-05	2.107e-05	0.0
28	62	0.0	-1.0437e-07	-1.9474e-07	-3.2639e-07	-4.451e-07	-5.2617e-07	-6.0591e-07	-8.737e-07	-1.014e-06	-1.2593e-06	-1.4908e-06	-1.7477e-06	-2.0136e-06	-2.2733e-06	-2.5357e-06	-2.7891e-06	0.0
28	64	0.0	0.0	0.0	0.0	0.0	0.0	0.0	0.0	0.0	0.0	0.0	0.0	0.0	0.0	0.0	0.0	0.0
29	63	0.0	0.0	0.0	0.0	0.0	0.0	0.0	0.0	0.0	0.0	0.0	0.0	0.0	0.0	0.0	0.0	0.0
29	65	0.0	0.0	0.0	0.0	0.0	0.0	0.0	0.0	0.0	0.0	0.0	0.0	0.0	0.0	0.0	0.0	0.0
30	64	0.0	0.0	0.0	0.0	0.0	0.0	0.0	0.0	0.0	0.0	0.0	0.0	0.0	0.0	0.0	0.0	0.0
30	66	0.0	0.0	0.0	0.0	0.0	0.0	0.0	0.0	0.0	0.0	0.0	0.0	0.0	0.0	0.0	0.0	0.0
30	67	0.0	0.0	0.0	0.0	0.0	0.0	0.0	0.0	0.0	0.0	0.0	0.0	0.0	0.0	0.0	0.0	0.0
30	68	0.0	0.0	0.0	0.0	0.0	0.0	0.0	0.0	0.0	0.0	0.0	0.0	0.0	0.0	0.0	0.0	0.0
30	70	0.0	0.0	0.0	0.0	0.0	0.0	0.0	0.0	0.0	0.0	0.0	0.0	0.0	0.0	0.0	0.0	0.0
