1	1	0.069896	0.10357	0.22939	0.35521	0.48104	0.55653	0.60685	0.7453	0.87408	1.1027	0.0	0.0	0.0	0.0	0.0	0.0	0.0
1	2	1.3781e-05	1.4395e-05	2.3915e-05	2.4692e-05	1.6727e-05	7.751e-06	1.861e-08	1.767e-08	1.4256e-08	6.3471e-18	0.0	0.0	0.0	0.0	0.0	0.0	0.0
2	3	8.1778e-06	2.5188e-05	4.1868e-05	4.3276e-05	2.941e-05	1.376e-05	2.7165e-07	2.6131e-07	2.1625e-07	2.1992e-08	0.0	0.0	0.0	0.0	0.0	0.0	0.0
2	4	0.031337	0.051733	0.11521	0.17937	0.24422	0.28345	0.30975	0.41251	0.52382	0.77212	0.0	0.0	0.0	0.0	0.0	0.0	0.0
3	6	0.0	0.0	0.0	0.0	0.0	0.0	0.0	0.0	0.0	0.0	0.0	0.0	0.0	0.0	0.0	0.0	0.0
3	7	7.4702e-11	1.9836e-10	3.6856e-10	4.611e-10	4.7597e-10	4.4761e-10	4.1317e-10	4.0654e-10	3.5094e-10	9.2799e-11	0.0	0.0	0.0	0.0	0.0	0.0	0.0
4	9	0.0	0.0	0.0	0.0	0.0	0.0	0.0	0.0	0.0	0.0	0.0	0.0	0.0	0.0	0.0	0.0	0.0
5	10	0.0	0.0	0.0	0.0	0.0	0.0	0.0	0.0	0.0	0.0	0.0	0.0	0.0	0.0	0.0	0.0	0.0
5	11	0.0	0.0	0.0	0.0	0.0	0.0	0.0	0.0	0.0	0.0	0.0	0.0	0.0	0.0	0.0	0.0	0.0
6	12	6.4239e-05	0.00028945	0.00049221	0.00053163	0.00040769	0.00025492	0.0001204	0.00025649	0.00043631	0.00092715	0.0	0.0	0.0	0.0	0.0	0.0	0.0
6	13	1.2793e-05	5.6825e-05	9.7036e-05	0.00010562	8.2579e-05	5.3573e-05	2.791e-05	6.0038e-05	0.00010255	0.00021871	0.0	0.0	0.0	0.0	0.0	0.0	0.0
7	14	0.00014931	0.00061522	0.0013204	0.0019792	0.0025916	0.0029367	0.0031575	0.006394	0.010638	0.022146	0.0	0.0	0.0	0.0	0.0	0.0	0.0
7	15	3.9376e-08	1.7956e-07	3.1128e-07	3.4815e-07	2.9019e-07	2.0989e-07	1.3738e-07	3.4626e-07	6.2756e-07	1.4074e-06	0.0	0.0	0.0	0.0	0.0	0.0	0.0
8	16	0.00018097	0.00068035	0.0011345	0.0011799	0.00081675	0.0004027	4.4938e-05	8.6803e-05	0.00014124	0.00028781	0.0	0.0	0.0	0.0	0.0	0.0	0.0
8	17	2.0418e-06	7.1365e-06	1.1867e-05	1.2276e-05	8.3635e-06	3.9411e-06	1.2851e-07	3.0052e-07	5.3046e-07	1.1641e-06	0.0	0.0	0.0	0.0	0.0	0.0	0.0
8	18	4.9576e-07	2.2866e-06	3.7985e-06	3.9214e-06	2.6553e-06	1.2288e-06	6.4682e-11	1.3197e-10	2.2031e-10	4.6013e-10	0.0	0.0	0.0	0.0	0.0	0.0	0.0
9	19	2.1107e-07	9.7728e-07	1.6235e-06	1.6761e-06	1.135e-06	5.254e-07	2.6484e-10	5.9741e-10	1.0401e-09	2.256e-09	0.0	0.0	0.0	0.0	0.0	0.0	0.0
10	20	7.534e-08	2.7101e-07	2.8295e-06	7.8336e-06	1.5283e-05	2.0927e-05	2.5179e-05	6.4252e-05	0.00011693	0.00026311	0.0	0.0	0.0	0.0	0.0	0.0	0.0
10	21	1.572e-09	7.2806e-09	1.2252e-08	1.2972e-08	9.4419e-09	5.2835e-09	1.6611e-09	2.663e-09	3.9002e-09	7.0808e-09	0.0	0.0	0.0	0.0	0.0	0.0	0.0
10	22	1.4367e-06	6.6559e-06	1.1098e-05	1.1542e-05	7.9883e-06	3.9369e-06	4.3624e-07	1.9619e-06	4.08e-06	1.0093e-05	0.0	0.0	0.0	0.0	0.0	0.0	0.0
11	23	3.8327e-08	1.7752e-07	4.0737e-07	6.5277e-07	9.1372e-07	1.0777e-06	1.1902e-06	3.9077e-06	7.6341e-06	1.8114e-05	0.0	0.0	0.0	0.0	0.0	0.0	0.0
12	24	4.6156e-08	2.1382e-07	3.7142e-07	4.1691e-07	3.5029e-07	2.5651e-07	1.7157e-07	2.3951e-07	3.1681e-07	4.9952e-07	0.0	0.0	0.0	0.0	0.0	0.0	0.0
12	25	1.1716e-08	4.9699e-08	2.352e-07	5.5796e-07	1.018e-06	1.3599e-06	1.6152e-06	6.0824e-06	1.2246e-05	2.9664e-05	0.0	0.0	0.0	0.0	0.0	0.0	0.0
12	26	3.0682e-09	6.4341e-09	7.4682e-07	2.2909e-06	4.6386e-06	6.433e-06	7.79e-06	2.7889e-05	5.5565e-05	0.00013364	0.0	0.0	0.0	0.0	0.0	0.0	0.0
13	27	2.9791e-09	2.5667e-11	1.1623e-07	3.599e-07	7.3101e-07	1.0149e-06	1.2296e-06	3.3101e-06	6.1276e-06	1.3973e-05	0.0	0.0	0.0	0.0	0.0	0.0	0.0
14	28	6.7919e-09	2.5893e-12	5.3645e-08	1.6613e-07	3.3746e-07	4.6851e-07	5.6764e-07	9.2182e-07	1.3614e-06	2.4966e-06	0.0	0.0	0.0	0.0	0.0	0.0	0.0
14	29	7.8463e-10	1.2917e-13	1.1034e-08	3.4174e-08	6.9418e-08	9.6375e-08	1.1677e-07	2.0011e-07	3.0542e-07	5.8195e-07	0.0	0.0	0.0	0.0	0.0	0.0	0.0
14	30	1.8762e-10	2.8788e-14	2.9016e-09	8.9863e-09	1.8254e-08	2.5343e-08	3.0705e-08	5.0971e-08	7.6322e-08	1.4228e-07	0.0	0.0	0.0	0.0	0.0	0.0	0.0
15	31	1.4912e-09	3.2518e-13	4.5373e-08	1.4052e-07	2.8545e-07	3.963e-07	4.8015e-07	7.8123e-07	1.1552e-06	2.1216e-06	0.0	0.0	0.0	0.0	0.0	0.0	0.0
16	32	2.9696e-10	1.9222e-13	1.6257e-08	5.0348e-08	1.0227e-07	1.4199e-07	1.7203e-07	2.4094e-07	3.1957e-07	5.0601e-07	0.0	0.0	0.0	0.0	0.0	0.0	0.0
16	33	4.231e-11	5.2732e-15	8.0264e-10	2.4858e-09	5.0495e-09	7.0104e-09	8.4937e-09	1.2556e-08	1.7377e-08	2.929e-08	0.0	0.0	0.0	0.0	0.0	0.0	0.0
16	34	1.4879e-11	2.068e-14	4.8315e-10	1.4963e-09	3.0394e-09	4.2196e-09	5.1125e-09	8.9989e-09	1.3947e-08	2.7029e-08	0.0	0.0	0.0	0.0	0.0	0.0	0.0
16	36	0.0	0.0	0.0	0.0	0.0	0.0	0.0	0.0	0.0	0.0	0.0	0.0	0.0	0.0	0.0	0.0	0.0
17	35	0.0	0.0	0.0	0.0	0.0	0.0	0.0	0.0	0.0	0.0	0.0	0.0	0.0	0.0	0.0	0.0	0.0
17	37	0.0	0.0	0.0	0.0	0.0	0.0	0.0	0.0	0.0	0.0	0.0	0.0	0.0	0.0	0.0	0.0	0.0
18	36	0.0	0.0	0.0	0.0	0.0	0.0	0.0	0.0	0.0	0.0	0.0	0.0	0.0	0.0	0.0	0.0	0.0
18	38	0.0	0.0	0.0	0.0	0.0	0.0	0.0	0.0	0.0	0.0	0.0	0.0	0.0	0.0	0.0	0.0	0.0
18	40	0.0	0.0	0.0	0.0	0.0	0.0	0.0	0.0	0.0	0.0	0.0	0.0	0.0	0.0	0.0	0.0	0.0
19	39	0.0	0.0	0.0	0.0	0.0	0.0	0.0	0.0	0.0	0.0	0.0	0.0	0.0	0.0	0.0	0.0	0.0
19	40	0.0	0.0	0.0	0.0	0.0	0.0	0.0	0.0	0.0	0.0	0.0	0.0	0.0	0.0	0.0	0.0	0.0
19	41	0.0	0.0	0.0	0.0	0.0	0.0	0.0	0.0	0.0	0.0	0.0	0.0	0.0	0.0	0.0	0.0	0.0
20	40	0.0	0.0	0.0	0.0	0.0	0.0	0.0	0.0	0.0	0.0	0.0	0.0	0.0	0.0	0.0	0.0	0.0
20	42	0.0	0.0	0.0	0.0	0.0	0.0	0.0	0.0	0.0	0.0	0.0	0.0	0.0	0.0	0.0	0.0	0.0
20	43	0.0	0.0	0.0	0.0	0.0	0.0	0.0	0.0	0.0	0.0	0.0	0.0	0.0	0.0	0.0	0.0	0.0
20	44	0.0	0.0	0.0	0.0	0.0	0.0	0.0	0.0	0.0	0.0	0.0	0.0	0.0	0.0	0.0	0.0	0.0
20	46	0.0	0.0	0.0	0.0	0.0	0.0	0.0	0.0	0.0	0.0	0.0	0.0	0.0	0.0	0.0	0.0	0.0
20	48	0.0	0.0	0.0	0.0	0.0	0.0	0.0	0.0	0.0	0.0	0.0	0.0	0.0	0.0	0.0	0.0	0.0
21	45	0.0	0.0	0.0	0.0	0.0	0.0	0.0	0.0	0.0	0.0	0.0	0.0	0.0	0.0	0.0	0.0	0.0
22	46	0.0	0.0	0.0	0.0	0.0	0.0	0.0	0.0	0.0	0.0	0.0	0.0	0.0	0.0	0.0	0.0	0.0
22	47	0.0	0.0	0.0	0.0	0.0	0.0	0.0	0.0	0.0	0.0	0.0	0.0	0.0	0.0	0.0	0.0	0.0
22	48	0.0	0.0	0.0	0.0	0.0	0.0	0.0	0.0	0.0	0.0	0.0	0.0	0.0	0.0	0.0	0.0	0.0
22	49	0.0	0.0	0.0	0.0	0.0	0.0	0.0	0.0	0.0	0.0	0.0	0.0	0.0	0.0	0.0	0.0	0.0
22	50	0.0	0.0	0.0	0.0	0.0	0.0	0.0	0.0	0.0	0.0	0.0	0.0	0.0	0.0	0.0	0.0	0.0
23	50	0.0	0.0	0.0	0.0	0.0	0.0	0.0	0.0	0.0	0.0	0.0	0.0	0.0	0.0	0.0	0.0	0.0
23	51	0.0	0.0	0.0	0.0	0.0	0.0	0.0	0.0	0.0	0.0	0.0	0.0	0.0	0.0	0.0	0.0	0.0
24	50	0.0	0.0	0.0	0.0	0.0	0.0	0.0	0.0	0.0	0.0	0.0	0.0	0.0	0.0	0.0	0.0	0.0
24	52	0.0	0.0	0.0	0.0	0.0	0.0	0.0	0.0	0.0	0.0	0.0	0.0	0.0	0.0	0.0	0.0	0.0
24	53	0.0	0.0	0.0	0.0	0.0	0.0	0.0	0.0	0.0	0.0	0.0	0.0	0.0	0.0	0.0	0.0	0.0
24	54	0.0	0.0	0.0	0.0	0.0	0.0	0.0	0.0	0.0	0.0	0.0	0.0	0.0	0.0	0.0	0.0	0.0
25	55	0.0	0.0	0.0	0.0	0.0	0.0	0.0	0.0	0.0	0.0	0.0	0.0	0.0	0.0	0.0	0.0	0.0
26	54	0.0	0.0	0.0	0.0	0.0	0.0	0.0	0.0	0.0	0.0	0.0	0.0	0.0	0.0	0.0	0.0	0.0
26	56	0.0	0.0	0.0	0.0	0.0	0.0	0.0	0.0	0.0	0.0	0.0	0.0	0.0	0.0	0.0	0.0	0.0
26	57	0.0	0.0	0.0	0.0	0.0	0.0	0.0	0.0	0.0	0.0	0.0	0.0	0.0	0.0	0.0	0.0	0.0
26	58	0.0	0.0	0.0	0.0	0.0	0.0	0.0	0.0	0.0	0.0	0.0	0.0	0.0	0.0	0.0	0.0	0.0
27	59	0.0	0.0	0.0	0.0	0.0	0.0	0.0	0.0	0.0	0.0	0.0	0.0	0.0	0.0	0.0	0.0	0.0
28	58	0.0	0.0	0.0	0.0	0.0	0.0	0.0	0.0	0.0	0.0	0.0	0.0	0.0	0.0	0.0	0.0	0.0
28	60	0.0	0.0	0.0	0.0	0.0	0.0	0.0	0.0	0.0	0.0	0.0	0.0	0.0	0.0	0.0	0.0	0.0
28	61	0.0	0.0	0.0	0.0	0.0	0.0	0.0	0.0	0.0	0.0	0.0	0.0	0.0	0.0	0.0	0.0	0.0
28	62	0.0	0.0	0.0	0.0	0.0	0.0	0.0	0.0	0.0	0.0	0.0	0.0	0.0	0.0	0.0	0.0	0.0
28	64	0.0	0.0	0.0	0.0	0.0	0.0	0.0	0.0	0.0	0.0	0.0	0.0	0.0	0.0	0.0	0.0	0.0
29	63	0.0	0.0	0.0	0.0	0.0	0.0	0.0	0.0	0.0	0.0	0.0	0.0	0.0	0.0	0.0	0.0	0.0
29	65	0.0	0.0	0.0	0.0	0.0	0.0	0.0	0.0	0.0	0.0	0.0	0.0	0.0	0.0	0.0	0.0	0.0
30	64	0.0	0.0	0.0	0.0	0.0	0.0	0.0	0.0	0.0	0.0	0.0	0.0	0.0	0.0	0.0	0.0	0.0
30	66	0.0	0.0	0.0	0.0	0.0	0.0	0.0	0.0	0.0	0.0	0.0	0.0	0.0	0.0	0.0	0.0	0.0
30	67	0.0	0.0	0.0	0.0	0.0	0.0	0.0	0.0	0.0	0.0	0.0	0.0	0.0	0.0	0.0	0.0	0.0
30	68	0.0	0.0	0.0	0.0	0.0	0.0	0.0	0.0	0.0	0.0	0.0	0.0	0.0	0.0	0.0	0.0	0.0
30	70	0.0	0.0	0.0	0.0	0.0	0.0	0.0	0.0	0.0	0.0	0.0	0.0	0.0	0.0	0.0	0.0	0.0
