1	1	5.8042		6.5948		7.5791		8.4311		8.7742		10.639		11.693		14.028		26.807		33.277		35.654		40.81		37.25		65.82		75.85
1	2	1.8923e-16	1.4917e-16	1.693e-16	1.2831e-16	8.6589e-17	2.0198e-16	1.343e-16	3.461e-16	1.0105e-15	2.6613e-16	2.8514e-16	3.667e-05	2.038e-16	1.838e-13	2.4826e-13
2	3	3.9043e-05	4.1189e-05	4.0865e-05	3.3301e-05	4.7561e-05	0.00021065	0.00020619	2.5648e-05	1.5186e-05	2.5439e-05	2.7256e-05	0.0001122	3.183e-05	3.955e-05	4.226e-05
2	4	3.4276		4.0136		4.4008		5.4219		5.9363		8.0268		9.5219		11.893		30.79		38.927		41.708		47.95		49.03		79.01		89.535
3	6	2.3047e-19	3.6536e-23	1.111e-22	4.3739e-23	3.6517e-21	2.6853e-21	1.1331e-22	7.5354e-22	1.8305e-19	1.7782e-19	1.9052e-19	3.928e-15	1.583e-20	9.328e-18	1.2597e-17
3	7	5.9255e-10	2.1747e-10	2.9423e-10	7.341e-11	2.7861e-10	5.6774e-09	2.36e-08	3.7587e-11	4.155e-10	2.7698e-10	2.9676e-10	5.766e-09	5.789e-10	5.522e-09	7.2574e-09
4	9	3.3171e-23	1.7735e-20	3.2153e-22	1.0538e-22	4.4857e-23	1.2403e-17	1.2594e-20	5.3272e-20	4.4509e-18	8.1777e-22	8.7618e-22	1.291e-14	2.838e-18	4.396e-21	0.0
5	10	1.4412e-18	2.9222e-21	8.3016e-20	3.9242e-21	1.5684e-19	2.865e-18	5.1808e-20	2.3653e-17	1.704e-17	1.1761e-14	1.2601e-14	6.64e-22	2.027e-14	3.622e-16	0.0
5	11	2.7952e-15	2.9406e-16	3.2969e-16	7.1387e-16	6.5449e-17	9.4557e-16	3.2678e-15	3.0727e-14	7.4666e-10	6.3522e-14	6.8059e-14	8.212e-09	1.441e-12	7.461e-09	1.008e-08
6	12	0.055262	0.074066	0.17161		0.21849		0.21055		0.29357		0.33746		0.4287		1.0791		5.9033		6.325		2.297		4.241		1.886		1.0592
6	13	2.8662e-07	8.3905e-08	6.2053e-08	2.6273e-09	1.1376e-08	1.4655e-08	1.0202e-08	3.2148e-09	6.7138e-08	3.0411e-07	3.2583e-07	3.849e-07	3.491e-07	0.0004724	0.00063813
7	14	0.0018322	0.0018322	0.001858	0.00018913	5.4226e-05	0.00059124	1.6378e-06	5.8923e-07	8.8761e-05	0.013294	0.014244	0.01039		0.0005839	0.01263		0.016859
7	15	0.0002858	6.3845e-08	6.8632e-08	2.3976e-08	1.1323e-08	1.1747e-07	1.6749e-08	6.2926e-07	9.0708e-05	5.7687e-07	6.1808e-07	4.813e-06	1.114e-06	0.01844		0.024914
8	16	0.11344		0.44963		0.77272		1.3788		2.1053		2.791		4.812		8.382		22.637		49.523		53.06		44.23		55.95		44.31		40.223
8	17	1.6812e-06	1.6944e-06	1.5681e-06	2.7915e-07	6.8299e-08	1.4892e-06	1.8829e-08	1.4216e-09	4.4355e-07	3.6562e-05	3.9174e-05	4.546e-05	7.757e-07	0.01503		0.020306
8	18	6.6569e-07	5.7921e-08	4.8937e-06	4.6303e-06	2.5246e-08	6.7454e-07	2.0647e-09	2.1284e-07	3.5035e-08	2.3576e-07	2.526e-07	0.009985	1.054e-05	0.000401	0.00053808
9	19	1.6106e-08	1.1701e-10	1.9716e-09	7.9096e-09	1.6245e-09	1.7101e-09	8.9387e-10	2.3819e-10	2.3685e-07	9.7515e-09	1.0448e-08	6.489e-07	9.477e-08	2.038e-06	2.7202e-06
10	20	0.021786	0.015286	0.3265		0.49379		0.91209		0.53301		0.85071		0.30724		1.9772		3.158		3.3836		1.19		3.748		4.697		5.0302
10	21	4.9406e-07	5.4217e-07	3.7616e-05	9.1178e-05	4.2995e-05	1.3344e-05	5.5124e-05	1.084e-05	0.00065422	0.00082179	0.00088049	0.0001632	0.0002001	0.000938	0.0011971
10	22	2.9077e-07	1.9846e-07	1.6064e-05	2.5736e-05	6.9231e-05	2.0155e-05	8.5699e-05	6.7483e-06	0.001747	0.00082971	0.00088897	0.001021	0.0002251	0.0007623	0.0009509
11	23	1.3683e-05	0.00014409	0.002447	0.0020781	0.0029023	0.0010266	0.0014159	0.00018427	0.0049877	0.0087489	0.0093738	0.005762	0.006999	0.007159	0.0072152
12	24	0.028127	0.086196	0.068211	0.1569		0.15026		0.11972		0.22647		0.47787		1.6986		2.5751		2.759		1.943		3.075		4.778		5.3759
12	25	4.5274e-05	0.00015594	0.00029789	0.00058257	0.00011642	3.969e-05	0.0002438	0.00042824	0.0036693	0.0039856	0.0042703	0.001264	0.001268	0.01821		0.024158
12	26	3.5436e-05	7.1701e-05	0.00039931	0.00087675	0.0002384	5.0899e-05	0.00013161	0.00012643	0.0014203	0.0021622	0.0023166	0.00037488	0.00040675	0.005533	0.0073327
13	27	0.00072545	0.0037764	0.0013693	0.0031421	0.0013667	0.00080797	0.0026266	0.014684	0.029723	0.026196	0.028067	0.02038		0.01557		0.08621		0.11101
14	28	0.020425	0.08038		0.073241	0.1162		0.09938		0.35086		0.2479		1.0248		2.6482		4.4476		4.7653		16.16		21.22		26.95		28.962
14	29	0.00012091	0.00074984	0.00023857	0.00044213	0.00018153	0.00027125	0.00058845	0.002602	0.008692	0.02075		0.022232	0.02192		0.01412		0.05876		0.074432
14	30	0.00017249	0.0014221	0.00014923	0.00034464	0.00010965	7.5352e-05	0.00025487	0.0040635	0.0069797	0.0031007	0.0033222	0.0002043	0.0009665	0.04331		0.058176
15	31	4.894e-05	0.00048814	5.6284e-05	0.00013168	8.0055e-05	8.4707e-05	0.00011698	0.0016045	0.0026752	0.0021144	0.0022654	0.0004027	0.0007493	0.03101		0.041634
16	32	0.007892	0.023668	0.032037	0.040654	0.053124	0.185		0.11566		0.37264		1.2589		1.6848		1.8051		8.663		13.1		15.78		16.721
16	33	1.5277e-05	8.9761e-05	7.5476e-05	0.00010303	0.00019764	0.00027441	0.0001651	0.00080975	0.0025178	0.0059455	0.0063702	0.01221		0.006068	0.03382		0.043563
16	34	4e-05		0.00027936	0.00020151	0.00028451	0.00048955	0.00042378	8.4176e-05	0.0015936	0.0045324	0.0054061	0.0057922	0.0007065	0.0001085	0.02719		0.036698
16	36	1.5408e-09	1.4789e-08	1.4324e-09	5.3435e-09	2.5605e-09	3.4145e-10	7.0383e-10	3.1935e-08	1.4602e-07	4.6753e-08	5.0093e-08	6.776e-10	4.821e-10	7.981e-07	1.0781e-06
17	35	3.5995e-06	5.4833e-05	1.4645e-05	2.6438e-05	6.876e-05	5.4167e-05	2.2967e-05	0.00021555	0.00039618	0.00058144	0.00062297	0.0003045	0.0001266	0.01874		0.025275
17	37	1.0321e-06	3.0427e-06	5.8256e-06	9.1176e-06	3.8625e-05	6.1146e-05	1.5368e-05	9.6556e-05	0.00021415	0.00055284	0.00059233	0.001608	0.0008106	0.02464		0.033006
18	36	0.0014735	0.003243	0.0052821	0.0056692	0.0096689	0.031		0.019649	0.048735	0.18072		0.21941		0.23508		1.419		2.361		2.602		2.6866
18	38	6.0462e-06	5.2278e-05	6.231e-05	0.00017001	0.00038567	0.00035894	3.4841e-05	0.0011076	0.0015986	0.0032526	0.0034849	0.0008338	1.949e-05	0.03902		0.052712
18	40	7.048e-12	8.0111e-11	1.7766e-11	3.9586e-11	1.0569e-10	1.7687e-11	4.6636e-12	1.295e-10	8.2513e-10	1.9268e-10	2.0644e-10	1.036e-11	4.287e-12	3.527e-09	4.7638e-09
19	39	1.8691e-06	5.0215e-06	7.8636e-06	1.9288e-05	4.4045e-05	6.2997e-05	1.3047e-05	0.00011768	0.00021971	0.00074599	0.00079928	0.0005029	4.59e-05	0.003196	0.0043019
19	40	1.0196e-10	1.1388e-09	9.0974e-10	1.9639e-09	1.2968e-08	8.04e-09	9.9366e-10	1.0408e-08	1.8831e-08	3.119e-08	3.3418e-08	1.932e-08	1.618e-09	1.229e-08	1.6037e-08
19	41	2.3243e-07	3.5421e-07	8.0509e-07	1.7234e-06	9.466e-06	2.0768e-05	3.3875e-06	2.7967e-05	4.5234e-05	0.00012618	0.00013519	0.0004032	0.0001947	0.001126	0.001453
20	40	0.0013925	0.002918	0.0044089	0.004396	0.0062173	0.024798	0.017356	0.037307	0.1488		0.1757		0.18825		1.319		2.316		2.752		2.9051
20	42	1.4925e-07	9.7653e-07	1.2283e-06	3.6241e-06	1.2832e-05	7.4613e-06	8.6206e-07	2.1676e-05	3.5268e-05	8.0056e-05	8.5774e-05	2.452e-05	7.254e-07	0.001085	0.0014657
20	43	1.3686e-08	6.4614e-08	4.9295e-08	3.3865e-08	7.4294e-08	1.5796e-08	1.932e-09	9.6511e-09	2.2835e-08	6.6297e-08	7.1033e-08	1.136e-08	2.025e-07	0.001544	0.002086
20	44	1.712e-06	1.6814e-05	2.205e-05	1.4464e-05	1.453e-05	9.7924e-06	5.4417e-06	8.7118e-06	1.8801e-05	2.6454e-05	2.8344e-05	0.0002037	0.0004717	0.009011	0.012009
20	46	2.8515e-13	1.0687e-12	1.7607e-12	9.2707e-12	1.3007e-10	2.7795e-11	6.0487e-13	5.1989e-12	1.1659e-10	2.0184e-11	2.1626e-11	1.413e-12	4.228e-12	4.766e-08	6.4391e-08
20	48	8.2224e-16	1.5458e-17	4.2126e-14	4.1232e-16	4.3964e-16	1.2636e-11	3.547e-16	1.3019e-17	7.8584e-15	4.1074e-12	4.4008e-12	1.539e-16	2.751e-12	1.307e-14	0.0
21	45	1.8361e-08	2.1194e-08	4.0312e-08	5.5388e-08	2.5532e-07	6.1634e-07	1.5101e-07	5.8135e-07	1.4197e-06	2.5639e-06	2.747e-06	7.492e-06	8.101e-06	0.0006597	0.00088846
22	46	8.6724e-08	6.2779e-06	2.713e-06	4.0624e-06	5.9834e-06	3.1791e-06	5.2831e-07	1.0792e-05	1.5625e-05	3.1591e-05	3.3847e-05	1.35e-05	9.282e-07	0.0007756	0.0010476
22	47	3.7295e-08	8.7624e-06	3.8635e-06	5.3007e-06	4.2557e-06	5.9029e-08	3.8034e-08	9.2987e-08	1.2986e-07	1.6334e-07	1.7501e-07	3.035e-07	3.49e-06	0.0007576	0.0010224
22	48	1.9996e-05	6.3384e-05	8.3868e-05	7.6528e-05	8.8559e-05	0.00015537	0.0001805	0.00024497	0.00036649	3.3087e-05	3.545e-05	0.006251	0.01148		0.01316		0.01375
22	49	1.0334e-06	2.27e-06	3.3185e-06	2.9975e-06	3.9355e-06	7.0416e-06	8.8396e-06	1.2001e-05	2.8263e-05	3.9715e-06	4.2552e-06	0.000189	0.0003354	0.0006297	0.00073302
22	50	2.4584e-13	1.1807e-12	9.5517e-13	1.7164e-12	1.8314e-12	2.2393e-12	4.5877e-14	9.4133e-12	1.1734e-11	4.187e-12	4.4861e-12	4.479e-14	2.769e-12	1.593e-11	2.0551e-11
23	50	1.0046e-12	1.3545e-11	1.0472e-11	4.6045e-11	1.3586e-10	1.17e-10	2.6422e-12	6.5284e-10	1.5838e-10	9.5835e-11	1.0268e-10	3.071e-11	8.221e-12	5.282e-10	7.1075e-10
23	51	1.0141e-06	1.6543e-05	1.0812e-05	1.2356e-05	1.1027e-05	9.0134e-06	1.0586e-05	1.7578e-05	3.115e-05	5.6375e-06	6.0402e-06	0.0001992	0.0001308	0.001253	0.001647
24	50	2.8359e-06	1.0364e-05	1.5514e-05	2.6418e-05	2.221e-05	4.8799e-05	3.8223e-05	0.00017794	0.00029067	0.00010573	0.00011328	0.0004818	0.0001232	0.006641	0.0089293
24	52	0.00031987	0.00087976	0.0010851	0.0011282	0.0013628	0.0027679	0.0031211	0.0039485	0.0046332	0.00023875	0.0002558	0.1335		0.1795		0.2561		0.28299
24	53	2.2529e-05	4.9562e-05	6.7577e-05	6.4261e-05	8.2788e-05	0.00015028	0.00018178	0.00026055	0.00048386	2.8133e-05	3.0142e-05	0.00556		0.006882	0.02902		0.036792
24	54	1.3807e-10	2.345e-10	4.1327e-10	3.2483e-09	3.1781e-09	9.3243e-09	1.7198e-10	8.5911e-08	1.1402e-08	3.7481e-09	4.0158e-09	6.95e-09	5.898e-11	4.016e-06	5.4259e-06
25	55	5.4642e-05	0.00013285	0.00018547	0.00017391	0.00022569	0.00043031	0.00051575	0.00071501	0.0014078	0.00025565	0.00027391	0.01795		0.008977	0.2613		0.34989
26	54	0.0002844	0.0007292	0.0012358	0.0014003	0.0014165	0.0033068	0.0040901	0.0092991	0.032767	0.0036497	0.0039104	0.1089		0.02332		5.676		7.6605
26	56	0.010001	0.070001	0.070002	0.070009	0.070008	0.070024	0.070004	0.070201	0.070106	0.0049312	0.0052834	3.63		7.249		10.46		11.587
26	57	0.00017821	0.00099652	0.0011354	0.00087784	0.00086735	0.00046684	0.00048274	0.00050135	0.0009358	6.5642e-05	7.0331e-05	0.01768		0.08856		0.2978		0.37126
26	58	8.1525e-11	5.6742e-11	1.7611e-10	8.0675e-10	1.0493e-09	2.3079e-09	2.2613e-10	1.4061e-08	8.0762e-09	5.0047e-09	5.3622e-09	1.137e-08	8.554e-10	3.447e-05	4.6571e-05
27	59	2.1381e-06	0.00017563	0.00013195	0.00016102	0.00014955	1.5658e-05	2.473e-06	1.8748e-06	3.0512e-06	2.1739e-06	2.3292e-06	1.422e-05	0.002465	0.01778		0.023157
28	58	0.00010067	0.00038544	0.00041368	0.00038317	0.00037786	0.00029321	0.00038241	0.00057377	0.0024991	0.00040565	0.00043462	0.0118		0.06394		3.785		5.0914
28	60	9.1215e-05	0.0021245	0.0016157	0.0015705	0.0013352	0.00014791	3.6021e-06	4.3771e-06	3.2475e-06	3.854e-06	4.1293e-06	1.475e-05	0.0227		0.1593		0.20726
28	61	3.5132e-06	3.6114e-05	3.1375e-05	2.1185e-05	1.8506e-05	5.7736e-07	6.0412e-09	1.3203e-09	7.1886e-10	8.8629e-10	9.496e-10	2.915e-09	0.0008263	2.826e-05	0.0
28	62	1.4378e-05	1.9391e-05	1.5115e-05	1.3461e-05	1.1862e-05	3.8834e-07	1.6375e-09	5.3629e-10	5.6119e-10	1.459e-10	1.5632e-10	9.618e-10	0.004245	1.708e-05	0.0
28	64	1.5155e-14	3.828e-15	9.9737e-14	1.0859e-14	6.1025e-14	3.2741e-12	3.2639e-14	7.7076e-15	3.4848e-13	1.8361e-11	1.9673e-11	5.968e-15	1.358e-11	1.203e-11	1.1486e-11
29	63	1.3315e-08	4.8886e-06	3.5425e-06	3.9159e-06	3.4381e-06	1.2322e-07	2.3712e-10	2.0641e-11	1.0847e-11	6.7865e-11	7.2713e-11	2.862e-11	2.161e-05	8.094e-07	0.0
29	65	1.5242e-08	2.1381e-07	2.4191e-07	1.6263e-07	1.416e-07	7.7896e-09	1.0287e-12	1.3003e-13	1.008e-12	8.1399e-11	8.7213e-11	3.317e-13	1.872e-06	8.436e-09	0.0
30	64	5.1243e-07	0.000125	0.00012161	9.5027e-05	8.2929e-05	2.5432e-06	3.0229e-10	4.3554e-11	1.2075e-11	1.2182e-10	1.3052e-10	1.117e-10	0.0001419	5.897e-06	0.0
30	66	2.1114e-07	6.8444e-07	1.0684e-06	5.0465e-07	4.2431e-07	1.5851e-08	3.528e-12	5.1403e-13	3.4852e-12	1.6849e-10	1.8052e-10	1.885e-11	4.107e-05	2.257e-08	0.0
30	67	1.5173e-10	1.6221e-08	2.3343e-08	1.2967e-08	1.0494e-08	2.16e-10	6.3065e-13	8.4727e-14	1.1532e-12	7.7256e-11	8.2774e-11	1.742e-13	4.517e-08	6.145e-09	0.0
30	68	3.2868e-11	2.9415e-08	3.2449e-08	4.0171e-08	3.4282e-08	8.0506e-10	1.2955e-12	2.6202e-13	1.6782e-12	1.4477e-10	1.5511e-10	3.459e-12	9.072e-09	6.217e-09	5.2147e-09
30	70	1.6631e-14	6.9427e-16	3.5869e-14	6.5876e-15	2.5128e-14	3.9651e-14	1.8572e-14	4.4526e-16	1.3386e-13	2.2407e-11	2.4008e-11	2.282e-15	1.398e-11	1.692e-12	0.0