1   1          0.60703E+01  0.58689E+01  0.73355E+01  0.67856E+01
1   2          0.53001E-12  0.54628E-12  0.36972E-12  0.16921E-15
2  3          0.19781E-03  0.24322E-03  0.27872E-03  0.13887E-03
2  4          0.59333E+01  0.60942E+01  0.76883E+01  0.92255E+01
3  6          0.17616E-14  0.18143E-14  0.12314E-14  0.31755E-18
3  7          0.21122E-11  0.42726E-11  0.10644E-06  0.50299E-12
4  9          0.10954E-14  0.14177E-14  0.20162E-16  0.10898E-21
5  10          0.38743E-09  0.26924E-09  0.39017E-09  0.18334E-09
5  11          0.16779E-08  0.11564E-08  0.17575E-08  0.82587E-09
6  12          0.26965E+00  0.18609E+00  0.14750E+00  0.39335E+00
6  13          0.33058E-02  0.18817E-02  0.40077E-02  0.22358E-02
7  14          0.12799E+00  0.13637E+00  0.18876E+00  0.29237E+00
7  15          0.10591E-03  0.56974E-03  0.37042E-02  0.45136E-04
8  16          0.18277E+01  0.28459E+01  0.44805E+01  0.64713E+01
8  17          0.45249E-02  0.46481E-02  0.88694E-02  0.14085E-01
8  18          0.34935E-01  0.13810E-01  0.15380E-01  0.40735E-01
9  19          0.31940E-04  0.19981E-03  0.25757E-03  0.41634E-04
10 20          0.50446E+00  0.71495E+00  0.15703E+00  0.15536E+01
10 21          0.60774E-02  0.43075E-02  0.45681E-03  0.57604E-02
10 22          0.21051E-01  0.25977E-01  0.22431E-01  0.35187E-01
11 23          0.31966E-01  0.29298E-01  0.57108E-02  0.93944E-01
12 24          0.10540E+00  0.18802E+00  0.17348E+00  0.28671E+00
12 25          0.44522E-01  0.50790E-01  0.23842E-01  0.14332E+00
12 26          0.34143E-01  0.47055E-01  0.33978E-01  0.17262E+00
13 27          0.24793E-01  0.37194E-01  0.40404E-01  0.11655E+00
14 28          0.13717E+00  0.21476E+00  0.49306E+00  0.34939E+00
14 29          0.10241E-01  0.17087E-01  0.70854E-01  0.40748E-01
14 30          0.13273E-01  0.24409E-01  0.98637E-01  0.48417E-01
15 31          0.33781E-02  0.48681E-02  0.19766E-01  0.12354E-01
16 32          0.55876E-01  0.79957E-01  0.19413E+00  0.15331E+00
16 33          0.83918E-03  0.11215E-02  0.24670E-02  0.21250E-02
16 34          0.12215E-01  0.14636E-01  0.32192E-01  0.26435E-01
16 36          0.66355E-04  0.89483E-04  0.46201E-03  0.28505E-03
17 35          0.43205E-03  0.48865E-03  0.16782E-02  0.10488E-02
17 37          0.34579E-03  0.45678E-03  0.68627E-03  0.13870E-02
18 36          0.75767E-02  0.10320E-01  0.23167E-01  0.20409E-01
18 38          0.36891E-02  0.51568E-02  0.10436E-01  0.15074E-01
18 40          0.13537E-04  0.14512E-04  0.22942E-04  0.32585E-04
19 39          0.21121E-03  0.27349E-03  0.51492E-03  0.63186E-03
19 40          0.58607E-06  0.76604E-06  0.13781E-05  0.16326E-05
19 41          0.41046E-04  0.50315E-04  0.65145E-04  0.90892E-04
20 40          0.53178E-02  0.73460E-02  0.16243E-01  0.14343E-01
20 42          0.83956E-04  0.13416E-03  0.26523E-03  0.44146E-03
20 43          0.74014E-05  0.91547E-05  0.88481E-05  0.16854E-04
20 44          0.98318E-04  0.16010E-03  0.21087E-03  0.51977E-03
20 46          0.44877E-05  0.56571E-05  0.11062E-04  0.12078E-04
20 48          0.60329E-05  0.66871E-05  0.72217E-05  0.87444E-05
21 45          0.62180E-05  0.83786E-05  0.10821E-04  0.19338E-04
22 46          0.32302E-04  0.51476E-04  0.10469E-03  0.17805E-03
22 47          0.13232E-04  0.17798E-04  0.22503E-04  0.38774E-04
22 48          0.13550E-03  0.21652E-03  0.34824E-03  0.74722E-03
22 49          0.12791E-04  0.16270E-04  0.20522E-04  0.42164E-04
22 50          0.22523E-04  0.31412E-04  0.56196E-04  0.10186E-03
23 50          0.22713E-06  0.36828E-06  0.39970E-06  0.56905E-06
23 51          0.23849E-04  0.31028E-04  0.51311E-04  0.71493E-04
24 50          0.12457E-03  0.12484E-03  0.45973E-03  0.28165E-03
24 52          0.98486E-03  0.13219E-02  0.26060E-02  0.31531E-02
24 53          0.13101E-03  0.14043E-03  0.36892E-03  0.34032E-03
24 54          0.51180E-04  0.64698E-04  0.85224E-04  0.14487E-03
25 55          0.75370E-03  0.73290E-03  0.17333E-02  0.13974E-02
26 54          0.74202E-02  0.64132E-02  0.24280E-01  0.10091E-01
26 56          0.66804E-01  0.10748E+00  0.15535E+00  0.24858E+00
26 57          0.23400E-02  0.34881E-02  0.52358E-02  0.10111E-01
26 58          0.15376E-02  0.20078E-02  0.28236E-02  0.37917E-02
27 59          0.72679E-03  0.95420E-03  0.57573E-03  0.19521E-02
28 58          0.35003E-02  0.31210E-02  0.80811E-02  0.12133E-01
28 60          0.24624E-02  0.42553E-02  0.50333E-02  0.10530E-01
28 61          0.64637E-03  0.89729E-03  0.36471E-03  0.12165E-02
28 62          0.11432E-02  0.18037E-02  0.32851E-02  0.51517E-02
28 64          0.12117E-02  0.17804E-02  0.24651E-02  0.52023E-02
29 63          0.51903E-03  0.73018E-03  0.25413E-03  0.16348E-02
29 65          0.25642E-03  0.40682E-03  0.27440E-03  0.12332E-02
30 64          0.64718E-04  0.16794E-03  0.97037E-04  0.46141E-03
30 66          0.36107E-03  0.61122E-03  0.67019E-03  0.21144E-02
30 67          0.96969E-04  0.16250E-03  0.79540E-04  0.57760E-03
30 68          0.47501E-03  0.86142E-03  0.19207E-02  0.34661E-02
30 70          0.44859E-04  0.65984E-04  0.17964E-03  0.28008E-03
