1   1          0.87742E+01  0.10639E+02  0.11693E+02  0.14028E+02  0.26807E+02  0.31500E+02
1   2          0.86589E-16  0.20572E-15  0.10883E-13  0.16571E-13  0.99679E-15  0.00000E+00
2  3          0.47561E-04  0.21065E-03  0.20619E-03  0.25648E-04  0.15186E-04  0.11344E-04
2  4          0.59554E+01  0.80250E+01  0.95380E+01  0.11809E+02  0.30829E+02  0.37813E+02
3  6          0.15305E-21  0.32211E-19  0.35036E-16  0.53918E-16  0.10031E-17  0.00000E+00
3  7          0.27860E-09  0.56776E-08  0.23600E-07  0.34212E-10  0.39669E-09  0.52980E-09
4  9          0.48298E-19  0.36921E-16  0.30864E-17  0.90279E-17  0.64213E-20  0.00000E+00
5  10          0.19479E-18  0.74545E-13  0.10524E-13  0.94102E-14  0.36239E-16  0.00000E+00
5  11          0.10883E-14  0.12776E-11  0.95272E-13  0.94095E-12  0.16674E-11  0.19342E-11
6  12          0.19021E+00  0.26659E+00  0.31640E+00  0.37206E+00  0.87812E+00  0.10640E+01
6  13          0.11810E-07  0.69437E-07  0.63191E-07  0.81849E-07  0.17279E-07  0.00000E+00
7  14          0.54246E-04  0.59589E-03  0.41787E-04  0.33878E-05  0.63363E-04  0.85387E-04
7  15          0.29452E-07  0.17490E-06  0.21999E-06  0.65437E-06  0.10049E-03  0.13715E-03
8  16          0.20306E+01  0.23763E+01  0.39195E+01  0.63162E+01  0.18926E+02  0.23556E+02
8  17          0.71304E-07  0.14899E-05  0.38054E-07  0.12330E-07  0.18413E-05  0.25129E-05
8  18          0.23323E-07  0.38718E-06  0.50334E-06  0.29299E-06  0.50622E-06  0.58452E-06
9  19          0.21180E-08  0.16727E-08  0.78833E-08  0.11650E-06  0.17750E-05  0.23840E-05
10 20          0.74943E+00  0.28505E+00  0.51988E+00  0.26384E+00  0.14543E+01  0.18915E+01
10 21          0.35781E-04  0.12204E-04  0.35102E-04  0.14059E-04  0.22860E-03  0.30738E-03
10 22          0.55114E-04  0.86173E-05  0.35225E-04  0.16582E-04  0.14238E-03  0.18857E-03
11 23          0.23077E-02  0.44177E-03  0.73581E-03  0.32755E-03  0.27233E-02  0.36030E-02
12 24          0.16534E+00  0.15285E+00  0.21711E+00  0.33705E+00  0.13120E+01  0.16700E+01
12 25          0.10667E-03  0.45703E-04  0.14544E-03  0.59529E-03  0.44870E-02  0.59161E-02
12 26          0.21041E-03  0.40158E-04  0.82902E-04  0.10707E-03  0.15371E-02  0.20623E-02
13 27          0.15029E-02  0.89277E-03  0.15494E-02  0.75238E-02  0.17929E-01  0.21750E-01
14 28          0.10256E+00  0.23053E+00  0.24658E+00  0.71955E+00  0.23473E+01  0.29450E+01
14 29          0.29457E-03  0.53783E-03  0.88496E-03  0.37249E-02  0.90562E-02  0.11014E-01
14 30          0.11275E-03  0.63469E-04  0.14727E-03  0.28228E-02  0.38463E-02  0.42221E-02
15 31          0.76740E-04  0.59087E-04  0.11554E-03  0.10101E-02  0.19270E-02  0.22637E-02
16 32          0.42704E-01  0.91604E-01  0.84901E-01  0.25922E+00  0.10111E+01  0.12872E+01
16 33          0.14402E-03  0.23087E-03  0.30234E-03  0.84489E-03  0.37860E-02  0.48660E-02
16 34          0.18433E-03  0.12562E-03  0.27015E-03  0.20849E-02  0.70372E-02  0.88557E-02
16 36          0.83331E-09  0.57828E-10  0.14058E-08  0.50386E-07  0.44518E-07  0.42363E-07
17 35          0.39490E-04  0.32312E-04  0.44781E-04  0.17974E-03  0.68777E-03  0.87432E-03
17 37          0.18831E-04  0.28915E-04  0.23901E-04  0.79550E-04  0.39456E-03  0.51024E-03
18 36          0.68028E-02  0.13600E-01  0.11474E-01  0.35525E-01  0.14896E+00  0.19061E+00
18 38          0.12677E-03  0.17030E-03  0.90652E-04  0.78327E-03  0.30835E-02  0.39282E-02
18 40          0.37860E-10  0.11624E-10  0.18661E-10  0.26781E-09  0.64295E-09  0.78071E-09
19 39          0.23119E-04  0.37608E-04  0.20542E-04  0.13086E-03  0.48967E-03  0.62143E-03
19 40          0.43966E-08  0.14024E-08  0.25192E-08  0.11842E-07  0.48538E-07  0.62013E-07
19 41          0.37249E-05  0.64807E-05  0.36619E-05  0.21336E-04  0.76876E-04  0.97271E-04
20 40          0.47704E-02  0.10207E-01  0.82241E-02  0.28581E-01  0.11185E+00  0.14243E+00
20 42          0.34115E-05  0.51470E-05  0.16172E-05  0.19680E-04  0.68708E-04  0.86712E-04
20 43          0.26003E-06  0.72521E-07  0.17061E-06  0.13949E-06  0.11031E-06  0.99595E-07
20 44          0.12558E-03  0.70409E-04  0.18172E-03  0.17526E-03  0.81345E-03  0.10478E-02
20 46          0.11512E-10  0.14683E-10  0.92456E-11  0.36940E-10  0.13965E-09  0.17737E-09
20 48          0.37412E-14  0.11678E-10  0.81634E-12  0.12707E-10  0.25409E-13  0.00000E+00
21 45          0.18464E-06  0.22008E-06  0.69513E-07  0.62758E-06  0.23168E-05  0.29371E-05
22 46          0.65411E-05  0.52195E-05  0.62316E-05  0.11138E-04  0.26954E-04  0.32762E-04
22 47          0.96465E-05  0.94507E-05  0.20780E-04  0.25912E-04  0.84902E-05  0.20927E-05
22 48          0.15739E-03  0.13548E-03  0.28124E-03  0.34276E-03  0.13926E-02  0.17781E-02
22 49          0.27517E-05  0.36152E-05  0.57009E-05  0.69222E-05  0.17048E-04  0.20766E-04
22 50          0.76393E-12  0.61209E-11  0.24886E-11  0.33686E-10  0.19025E-10  0.13641E-10
23 50          0.26193E-10  0.27874E-10  0.90272E-11  0.12006E-09  0.33267E-09  0.41074E-09
23 51          0.24232E-04  0.18586E-04  0.37140E-04  0.34789E-04  0.26046E-04  0.22835E-04
24 50          0.16780E-04  0.25615E-04  0.18979E-04  0.41248E-04  0.19183E-03  0.24713E-03
24 52          0.65777E-03  0.12099E-02  0.15130E-02  0.27019E-02  0.86112E-02  0.10781E-01
24 53          0.33278E-04  0.72361E-04  0.90287E-04  0.13118E-03  0.32981E-03  0.40275E-03
24 54          0.26064E-08  0.57159E-08  0.96389E-10  0.35178E-08  0.17875E-07  0.23147E-07
25 55          0.82184E-04  0.20158E-03  0.24672E-03  0.36821E-03  0.98663E-03  0.12137E-02
26 54          0.71831E-03  0.17948E-02  0.17379E-02  0.32987E-02  0.15554E-01  0.20054E-01
26 56          0.82408E-01  0.96028E-01  0.15921E+00  0.25564E+00  0.76263E+00  0.94880E+00
26 57          0.17769E-02  0.16271E-02  0.31038E-02  0.42433E-02  0.14446E-01  0.18193E-01
26 58          0.12822E-08  0.25998E-08  0.91870E-10  0.33101E-08  0.13069E-07  0.16653E-07
27 59          0.36948E-03  0.23813E-03  0.51888E-03  0.51942E-03  0.39687E-03  0.35187E-03
28 58          0.87487E-03  0.67230E-03  0.12742E-02  0.14314E-02  0.28060E-02  0.33108E-02
28 60          0.29909E-02  0.28024E-02  0.54859E-02  0.83727E-02  0.24335E-01  0.30197E-01
28 61          0.62892E-04  0.43397E-04  0.86256E-04  0.98745E-04  0.38863E-03  0.49508E-03
28 62          0.41885E-04  0.28594E-04  0.57385E-04  0.67369E-04  0.21162E-03  0.26459E-03
28 64          0.95447E-13  0.15608E-10  0.33827E-11  0.24610E-10  0.29886E-11  0.00000E+00
29 63          0.11780E-04  0.81880E-05  0.17148E-04  0.20621E-04  0.36341E-04  0.42114E-04
29 65          0.72377E-06  0.60046E-06  0.13849E-05  0.18588E-05  0.11752E-04  0.15385E-04
30 64          0.37988E-03  0.26368E-03  0.58275E-03  0.68827E-03  0.20216E-02  0.25112E-02
30 66          0.50552E-05  0.25881E-05  0.70476E-05  0.69017E-05  0.43777E-04  0.57318E-04
30 67          0.19470E-06  0.60711E-07  0.19080E-06  0.11805E-06  0.19526E-06  0.22361E-06
30 68          0.89576E-07  0.12078E-06  0.26941E-06  0.48645E-06  0.28171E-04  0.38337E-04
30 70          0.83056E-13  0.19517E-11  0.84887E-12  0.19499E-10  0.10863E-11  0.00000E+00
