6  12 9.93E-3
6  13 8.46E-7
7  14 9.06E-5
7  15 2.53E-7
8  16 9.34E-2
8  17 9.55E-7
8  18 2.08E-7
9  19 5.83E-10
10 20 1.16E-3
10 21 3.63E-6
10 22 4.41E-4
11 23 5.10E-5
12 24 7.72E-3
12 25 4.85E-5
12 26 4.96E-5
13 27 4.45E-5
14 28 2.77E-5
14 29 5.52E-4
14 30 1.05E-3
15 31 2.40E-4
16 32 1.63E-1
16 33 2.71E-4
16 34 2.77E-3
16 36 2.22E-7
17 35 9.03E-5
17 37 2.86E-5
18 36 3.18E-2
18 38 1.20E-3
18 40 7.56E-9
19 39 6.39E-5
19 41 5.20E-6
20 40 3.18E-2
20 42 2.97E-5
20 43 5.15E-8
20 44 1.37E-5
20 46 8.79E-10
20 48 3.54E-11
21 45 2.47E-7
22 46 1.27E-5
22 47 4.93E-7
22 48 7.32E-4
22 49 5.22E-5
22 50 2.08E-5
23 50 4.94E-9
23 51 1.11E-4
24 50 4.49E-4
24 52 1.65E-2
24 53 1.59E-3
24 54 2.31E-4
25 55 8.10E-3
26 54 7.20E-2
26 56 5.65E-1
26 57 1.01E-2
26 58 8.63E-4
27 59 2.91E-4
28 58 3.15E-2
28 60 2.81E-3
28 61 4.00E-5
28 62 6.51E-4
28 64 2.47E-6
29 63 6.14E-7
29 65 1.14E-7
30 64 1.87E-6
30 66 2.84E-6
30 67 1.69E-9
30 68 3.08E-9
11 22 1.68E-8
13 26 3.81E-7
17 36 1.23E-6
18 39 5.9E-9
19 40 3.13E-8
20 41 5.20E-6
22 44 1.36E-5
23 48 6.33E-8
23 49 9.99E-8
25 53 8.47E-5
26 60 6.23E-8
27 56 6.18E-5
27 57 4.50E-4
27 60 1.09E-7
28 56 5.55E-1
28 57 9.57E-3
28 59 2.03E-4
28 63 1.98E-7
