6  12 4.83E-2
6  13 1.40E-6
7  14 1.16E-6
7  15 1.32E-9
8  16 1.43E-1
8  17 3.54E-8
8  18 8.25E-10
9  19 5.67E-10
10 20 2.02E-3
10 21 8.46E-6
10 22 2.49E-3
11 23 6.32E-5
12 24 8.50E-3
12 25 4.05E-5
12 26 3.18E-5
13 27 9.86E-4
14 28 1.54E-1
14 29 9.08E-4
14 30 1.69E-3
15 31 3.57E-4
16 32 8.46E-2
16 33 4.24E-4
16 34 1.98E-3
16 36 4.18E-7
17 35 1.37E-4
17 37 3.67E-5
18 36 1.47E-2
18 38 9.50E-4
18 40 1.87E-8
19 39 7.23E-5
19 41 6.11E-6
20 40 1.19E-2
20 42 2.82E-5
20 43 9.46E-8
20 44 8.02E-6
20 46 4.16E-9
20 48 2.60E-9
21 45 2.21E-7
22 46 1.33E-5
22 47 5.10E-7
22 48 2.05E-4
22 49 1.71E-5
22 50 1.07E-4
23 50 1.55E-8
23 51 7.49E-5
24 50 2.73E-4
24 52 6.36E-3
24 53 9.22E-4
24 54 9.24E-4
25 55 8.87E-3
26 54 9.55E-2
26 56 6.26E-1
26 57 2.45E-2
26 58 3.03E-3
27 59 1.04E-3
28 58 1.10E-1
28 60 1.24E-2
28 61 2.35E-4
28 62 3.07E-3
28 64 1.70E-5
29 63 2.32E-6
29 65 6.84E-7
30 64 1.06E-5
30 66 1.76E-5
30 67 1.58E-8
30 68 1.74E-8
11 22 1.73E-8
13 26 4.93E-7
17 36 2.58E-6
18 39 1.20E-8
19 40 8.44E-8
20 41 6.09E-6
22 44 7.94E-6
23 48 4.95E-8
23 49 1.52E-7
25 53 2.77E-4
26 60 7.52E-7
27 56 1.44E-4
27 57 1.48E-3
27 60 4.22E-7
28 56 5.86E-1
28 57 2.27E-2
28 59 6.71E-4
28 63 8.00E-7
