6  12 8.99E-3
6  13 3.30E-7
7  14 2.69E-4
7  15 5.32E-7
8  16 6.58E-2
8  17 4.58E-6
8  18 6.35E-7
9  19 4.50E-10
10 20 6.22E-4
10 21 1.39E-6
10 22 4.21E-4
11 23 2.61E-5
12 24 4.47E-3
12 25 2.66E-5
12 26 2.59E-5
13 27 2.47E-4
14 28 2.06E-1
14 29 3.40E-4
14 30 6.41E-4
15 31 1.60E-4
16 32 1.22E-1
16 33 1.92E-4
16 34 2.04E-3
16 36 1.31E-7
17 35 7.07E-5
17 37 2.26E-5
18 36 2.41E-2
18 38 9.90E-4
18 40 5.19E-9
19 39 5.67E-5
19 41 4.52E-6
20 40 2.43E-2
20 42 2.55E-5
20 43 2.22E-7
20 44 2.95E-5
20 46 4.73E-9
20 48 1.64E-6
21 45 2.09E-7
22 46 1.12E-5
22 47 1.56E-6
22 48 6.11E-4
22 49 4.39E-5
22 50 3.51E-4
23 50 9.33E-9
23 51 1.16E-4
24 50 3.53E-4
24 52 1.37E-2
24 53 1.38E-3
24 54 1.60E-3
25 55 7.05E-3
26 54 5.91E-2
26 56 7.13E-1
26 57 1.67E-2
26 58 3.23E-3
27 59 6.25E-4
28 58 4.29E-2
28 60 1.15E-2
28 61 3.58E-4
28 62 3.69E-3
28 64 2.31E-4
29 63 4.88E-6
29 65 2.04E-6
30 64 3.10E-5
30 66 6.42E-5
30 67 6.55E-7
30 68 8.81E-8
11 22 1.33E-8
13 26 1.88E-7
17 36 7.85E-7
18 39 4.44E-9
19 40 2.35E-8
20 41 4.52E-6
22 44 2.95E-5
23 48 5.38E-8
23 49 1.03E-7
25 53 1.54E-4
26 60 7.33E-5
27 56 5.51E-5
27 57 6.42E-4
27 60 3.81E-7
28 56 6.90E-1
28 57 1.59E-2
28 59 2.53E-4
28 63 1.74E-6
