           2           4   1.2220184277013625E-003
           6          12   5.2286519734863236E-003
           6          13   6.5618797753183401E-009
           7          14   1.3522156171902635E-006
           7          15   1.8386145933486970E-008
           8          16  0.18216795583572332     
           8          17   3.0676258568734962E-009
           8          18   1.2023725149089878E-009
          10          20   6.6093385015485191E-003
          10          21   7.4974847814152267E-007
          10          22   2.0605491604818069E-005
          11          22   5.6202177162865416E-007
          11          23   5.7436896197494440E-005
          12          24   4.1436643603969909E-003
          12          25   2.4230951584796492E-005
          12          26   6.3271747664167310E-005
          13          26   6.4002025378124295E-006
          13          27   3.4911775871003281E-004
          14          28  0.25009791262726855     
          14          29   6.3870617285075862E-004
          14          30   4.1503648914663609E-004
          14          32   9.5776285138058790E-010
          15          31   3.9306804729225052E-004
          16          32  0.18706162031989149     
          16          33   4.6468950579502604E-004
          16          34   2.1018879323197832E-003
          16          36   2.2779887056659516E-008
          17          35   1.4647954413653008E-004
          17          37   5.5068851611818860E-005
          18          36   4.5754088312169358E-002
          18          38   8.1789725598324626E-004
          18          40   4.8038709011322727E-010
          19          39   6.8689087422819681E-005
          19          40   2.3969069571097853E-008
          19          41   3.0660571527990559E-009
          20          40   5.3516803431540839E-002
          20          41   7.6340714461869218E-006
          20          42   2.6978617661063031E-005
          20          43   3.0927426451639463E-008
          20          44   1.0007907770265070E-008
          21          45   3.7531265599755577E-007
          22          44   2.5511811434660370E-005
          22          46   8.6407009575701405E-006
          22          47   2.6136307335978649E-007
          22          48   1.0214861407361808E-003
          22          50   2.2564478177339714E-011
          23          49   4.7692137522680943E-005
          23          50   1.7434366322903883E-010
          23          51   6.2366039214052936E-005
          24          50   1.5356220394730372E-004
          24          52   1.6595600813913220E-002
          24          53   4.0340760338100705E-008
          24          54   4.7568024704031292E-007
          25          53   1.0535600522925332E-003
          25          55   4.0485241490031603E-007
          26          54   3.9470993060487257E-002
          26          55   4.6945809000994874E-003
          26          56  0.51506650300478418     
          26          57   9.2127074632358044E-003
          26          58   1.3165639420947075E-006
          27          59   1.1137769562731011E-006
          27          60   3.5873423597635097E-011
          28          58   3.3343912361618704E-002
          28          59   2.3204151886944922E-004
          28          60   3.6512611167607428E-003
          28          61   8.2383777275976723E-005
          28          62   6.2171414318579177E-004
          29          63   8.1053647072684803E-007
          30          64   3.1074535525868267E-005
          30          65   4.1789715174191440E-007
          30          66   6.7376692527639260E-006
          30          67   1.5731577169571462E-008
          30          68   3.1781535939654086E-009
