           2           4   5.7815128199198917E-004
           6          12   9.2037193181958056E-003
           6          13   1.2159715087110205E-008
           7          14   2.0241807763312303E-006
           7          15   1.4803679144430121E-008
           8          16  0.22752482895101225     
           8          17   5.5019177067302472E-009
           8          18   1.4224778477535553E-009
          10          20   9.1519611043445175E-003
          10          21   1.2407365237640513E-006
          10          22   4.0154122300635333E-005
          11          22   7.2106434248194671E-007
          11          23   1.0195238574464334E-004
          12          24   5.3854928053038206E-003
          12          25   3.3743911222607561E-005
          12          26   9.9585370197737851E-005
          13          26   1.0084968734199431E-005
          13          27   4.5064571378473965E-004
          14          28  0.29483283621539491     
          14          29   8.3482143381068987E-004
          14          30   5.5602177307737151E-004
          14          32   1.2477023172858183E-009
          15          31   5.3244940388722743E-004
          16          32  0.21650383871467618     
          16          33   5.9105494663695397E-004
          16          34   2.5435563436840970E-003
          16          36   3.1028566198894692E-008
          17          35   1.8843751299394776E-004
          17          37   6.9016549543153772E-005
          18          36   5.1683056379059837E-002
          18          38   9.5493688163382463E-004
          18          40   1.0029716352895054E-009
          19          39   8.1689244364466498E-005
          19          40   3.1631273021965693E-008
          19          41   3.9973858832577485E-009
          20          40   5.9165865109550297E-002
          20          41   9.1480083988139755E-006
          20          42   3.1311301827691196E-005
          20          43   3.7573847145462189E-008
          20          44   1.2291462461202462E-008
          21          45   4.4117082277093010E-007
          22          44   2.6716770066566289E-005
          22          46   9.8367604663690251E-006
          22          47   2.8870117629804380E-007
          22          48   1.0594263321328291E-003
          22          50   1.7182832037328802E-011
          23          49   5.1070202562515959E-005
          23          50   1.5842708617470789E-010
          23          51   6.2621720879620885E-005
          24          50   1.6786798855653363E-004
          24          52   1.5953321615397562E-002
          24          53   3.8251114551616495E-008
          24          54   4.3986921218336276E-007
          25          53   1.0525428498140690E-003
          25          55   3.7755669774163101E-007
          26          54   4.0359322402705879E-002
          26          55   4.4356679497351429E-003
          26          56  0.38026825518528728     
          26          57   7.1952936006774420E-003
          26          58   1.2014430579042583E-006
          27          59   1.0425983763874534E-006
          27          60   2.4393581758945658E-011
          28          58   3.1499059550011248E-002
          28          59   2.0178512586647865E-004
          28          60   2.6959748503268956E-003
          28          61   5.6139481781008059E-005
          28          62   5.5544852040336531E-004
          29          63   8.5332820992563919E-007
          30          64   2.4795840997842227E-005
          30          65   4.1609585325818985E-007
          30          66   6.9015186268249833E-006
          30          67   2.0716830624935795E-008
          30          68   3.8556452481447217E-009
