           2           4   5.4970023980240234E-003
           6          12   2.0876934689690947E-003
           6          13   2.4104282615474428E-009
           7          14   5.9349479703885688E-007
           7          15   1.7669176642258286E-008
           8          16  0.11890441576198109     
           8          17   9.0614890275425582E-010
           8          18   4.6098229738832782E-010
          10          20   2.4373705822674208E-003
          10          21   1.6852111734996853E-007
          10          22   7.0879009250990556E-006
          11          22   2.1166257394699236E-007
          11          23   2.0738354555997104E-005
          12          24   1.7163569302809250E-003
          12          25   6.5350042216091345E-006
          12          26   2.2633108202997887E-005
          13          26   2.4316673150403519E-006
          13          27   1.4367392498698951E-004
          14          28  0.16940517309301936     
          14          29   3.4171496454394424E-004
          14          30   2.1895270071435068E-004
          14          32   2.7502267430362112E-010
          15          31   2.1487939611655220E-004
          16          32  0.12926980129074786     
          16          33   2.8292773987551425E-004
          16          34   1.4857945261258028E-003
          16          36   1.3353435904476217E-008
          17          35   9.6678642295595940E-005
          17          37   3.7470195616271966E-005
          18          36   3.2267189168211072E-002
          18          38   6.4268876529320368E-004
          18          40   3.6852795273414846E-010
          19          39   5.5458046065462951E-005
          19          40   1.6329820334537324E-008
          19          41   1.9168644759797803E-009
          20          40   3.7852970197093432E-002
          20          41   5.8612542960425815E-006
          20          42   2.1247509129132318E-005
          20          43   5.1237781141327267E-008
          20          44   6.8631155482973724E-009
          21          45   3.0564018401904396E-007
          22          44   3.4012644429151710E-005
          22          46   6.6065112900778782E-006
          22          47   2.5394940770241979E-007
          22          48   7.4754382866316416E-004
          22          49   3.0114395004700693E-012
          22          50   2.6589527225389912E-011
          23          49   3.4198255161302047E-005
          23          50   1.9729411435827737E-010
          23          51   4.6869547939026835E-005
          24          50   1.1187716197454513E-004
          24          52   1.2132144866313125E-002
          24          53   4.4458183457383679E-008
          24          54   5.4698162285494344E-007
          25          53   8.0464420604792804E-004
          25          55   4.2454326062634877E-007
          26          54   3.4898503478268533E-002
          26          55   3.9650444643130464E-003
          26          56  0.74507949329909329     
          26          57   1.5548957844926766E-002
          26          58   1.6038205656610219E-006
          27          59   1.2186672830591831E-006
          27          60   4.4113423922277007E-011
          28          58   3.8710357769742479E-002
          28          59   3.7428413480269799E-004
          28          60   9.6742144360708413E-003
          28          61   2.7124481897448493E-004
          28          62   1.1836403587434721E-003
          29          63   1.3607859940249220E-006
          30          64   1.5651197360615148E-004
          30          65   1.4695483644101465E-006
          30          66   1.6361980557564308E-005
          30          67   2.6428091589424793E-008
          30          68   3.7967622948400129E-009
