           2           4   1.5704897208122875E-002
           6          12   6.0252396396829504E-004
           6          13   4.6664165778424422E-010
           7          14   1.1990019899370391E-007
           7          15   8.5423023779939816E-009
           8          16   4.1908196996921776E-002
           8          17   3.5389306926632355E-010
           8          18   1.3115632326508674E-010
          10          20   3.7558887277948778E-004
          10          21   5.1627119686725773E-008
          10          22   3.5122189224694285E-006
          11          22   3.6297674996379296E-008
          11          23   3.8639269580708290E-006
          12          24   2.4315156894360858E-004
          12          25   1.7013085491950635E-006
          12          26   4.2155565771438341E-006
          13          26   3.5758329575931410E-007
          13          27   2.2167400359300687E-005
          14          28   8.7221664951828648E-002
          14          29   7.3140040589276306E-005
          14          30   4.3415603722792201E-005
          14          32   8.0523037467571737E-011
          15          31   5.1461810578761306E-005
          16          32   7.0100998351881702E-002
          16          33   8.1757865437993984E-005
          16          34   5.2058948126216371E-004
          16          36   2.0591983924276371E-009
          17          35   3.7412310503432719E-005
          17          37   1.5007607654615135E-005
          18          36   1.8363333412870064E-002
          18          38   3.3018118328796909E-004
          18          40   7.0646019361259519E-011
          19          39   3.2563667335918560E-005
          19          40   6.3774083501115495E-009
          19          41   5.8791800037859142E-010
          20          40   2.1995396630100444E-002
          20          41   3.1686732784978077E-006
          20          42   1.1877514167704015E-005
          20          43   1.8397606839738152E-007
          20          44   2.9374749381817200E-009
          21          45   1.9364143241489843E-007
          22          44   8.0393556793564909E-005
          22          46   3.9970445764796696E-006
          22          47   4.6548419127464706E-007
          22          48   5.0622036946948196E-004
          22          49   3.3152836548314607E-012
          22          50   2.6471901787762457E-011
          23          49   2.0232542201302680E-005
          23          50   1.9622354848546700E-010
          23          51   2.9664150401441341E-005
          24          50   7.4816217132202988E-005
          24          52   6.8299895150440628E-003
          24          53   4.5422872461907198E-008
          24          54   5.4478841439529150E-007
          25          53   4.9606133410991476E-004
          25          55   4.1725656353958306E-007
          26          54   2.9907048433421797E-002
          26          55   3.0026216838022479E-003
          26          56  0.97170726674752950     
          26          57   2.3598352200460214E-002
          26          58   1.6210907729374338E-006
          27          59   1.2041207664369121E-006
          27          60   3.8077593447988760E-011
          28          58   4.3022514006744859E-002
          28          59   6.2275124510848760E-004
          28          60   2.4961967867859480E-002
          28          61   8.0110827845440160E-004
          28          62   2.7546470157471469E-003
          29          63   3.3739795366358627E-006
          30          64   6.0695266826312237E-004
          30          65   5.4358674247415048E-006
          30          66   5.6962675405311392E-005
          30          67   8.7721983019007711E-008
          30          68   1.3728688841608791E-008
