           2           4   1.3762578792505954E-002
           6          12   7.4640525042338245E-004
           6          13   8.8391227651763324E-010
           7          14   1.6778063712994149E-007
           7          15   9.9069976053480203E-009
           8          16   5.3281270242381745E-002
           8          17   3.9800566579358527E-010
           8          18   1.5623901567081391E-010
          10          20   5.2417780860717375E-004
          10          21   4.2764021988671032E-008
          10          22   3.9488372988217369E-006
          11          22   5.1117973474080135E-008
          11          23   5.2078712296606428E-006
          12          24   3.8040313810662533E-004
          12          25   2.2633585489529076E-006
          12          26   5.9641338885544079E-006
          13          26   5.0607308505495391E-007
          13          27   3.0958094629995074E-005
          14          28  0.10273236423795148     
          14          29   1.0448309824500027E-004
          14          30   6.1391470402685455E-005
          14          32   2.0760855763972901E-010
          15          31   6.8673473145008089E-005
          16          32   8.2851939432789456E-002
          16          33   1.1239077474784715E-004
          16          34   6.7464386903566184E-004
          16          36   3.2150089232846364E-009
          17          35   4.6109952062499830E-005
          17          37   1.9181542035118803E-005
          18          36   2.1896357627892351E-002
          18          38   3.8045558508805556E-004
          18          40   8.8641974679728268E-011
          19          39   3.9364751220943102E-005
          19          40   7.3885822349174518E-009
          19          41   6.9715632257828428E-010
          20          40   2.6874952089441524E-002
          20          41   3.9809057005900095E-006
          20          42   1.3676650769515457E-005
          20          43   1.5797038805237089E-007
          20          44   3.3536355491599512E-009
          21          45   2.5262780443558069E-007
          22          44   7.4189401920259583E-005
          22          46   4.9000109682214767E-006
          22          47   4.3483156748319921E-007
          22          48   5.9266488714850322E-004
          22          49   3.3240242615344107E-012
          22          50   2.5978391404872494E-011
          23          49   2.4647305282546946E-005
          23          50   2.0110764348119082E-010
          23          51   3.5072105659790933E-005
          24          50   8.6520353584661325E-005
          24          52   8.7663690661403341E-003
          24          53   4.6197531905911869E-008
          24          54   5.5589224273573098E-007
          25          53   6.0023166827791359E-004
          25          55   4.2571649385714749E-007
          26          54   3.1232382151937424E-002
          26          55   3.3480865977242136E-003
          26          56  0.92869596515160324     
          26          57   2.1737121469961103E-002
          26          58   1.6596507425383011E-006
          27          59   1.2288640378231668E-006
          27          60   3.4124274984549100E-011
          28          58   4.1472342917762077E-002
          28          59   5.6266212892780996E-004
          28          60   2.1409721018213805E-002
          28          61   6.7585567578463805E-004
          28          62   2.3450408794943121E-003
          29          63   2.7964727062913968E-006
          30          64   5.0315763736241128E-004
          30          65   4.4724873056317781E-006
          30          66   4.6855185874493746E-005
          30          67   7.0684565501765084E-008
          30          68   1.0849065899401387E-008
