           2           4   2.7641556284008760E-003
           6          12   3.2515722604958526E-003
           6          13   3.1188889746011937E-009
           7          14   8.6850530342415111E-007
           7          15   1.7514874478469779E-008
           8          16  0.14055843588717506     
           8          17   1.3897341561320863E-009
           8          18   5.8975224542345012E-010
          10          20   3.5045471128072429E-003
          10          21   2.4871531131983800E-007
          10          22   1.0495636007016652E-005
          11          22   3.1284469463397485E-007
          11          23   3.2628180226678355E-005
          12          24   2.4262141963377914E-003
          12          25   1.1396964699034127E-005
          12          26   3.5931602088550212E-005
          13          26   3.6873139583305782E-006
          13          27   2.1005032266343862E-004
          14          28  0.19852684420551414     
          14          29   4.4813308029402238E-004
          14          30   2.8451014698883920E-004
          14          32   4.5531226626233946E-010
          15          31   2.8509753831591485E-004
          16          32  0.14982284970141438     
          16          33   3.4887711670490397E-004
          16          34   1.7028199626868208E-003
          16          36   1.7496983419729878E-008
          17          35   1.1640853919360070E-004
          17          37   4.3877501559191979E-005
          18          36   3.6966342092475256E-002
          18          38   6.9326476378810803E-004
          18          40   5.2274025711239997E-010
          19          39   6.1589950769059710E-005
          19          40   1.9936832106230516E-008
          19          41   2.4051933768082663E-009
          20          40   4.3230902890469790E-002
          20          41   6.6186270524811934E-006
          20          42   2.3134044699902714E-005
          20          43   2.7512295070435425E-008
          20          44   7.5320190489881938E-009
          21          45   3.3669321006089423E-007
          22          44   2.3813581400385298E-005
          22          46   7.4731199052354321E-006
          22          47   2.2588267701111019E-007
          22          48   8.2825513644028167E-004
          22          50   2.3425751899402947E-011
          23          49   3.9145519694113643E-005
          23          50   1.7793939826592824E-010
          23          51   5.2867562735113553E-005
          24          50   1.2805049058628031E-004
          24          52   1.3762919432080651E-002
          24          53   4.0533666220633518E-008
          24          54   4.8027163936308641E-007
          25          53   8.9775748014395834E-004
          25          55   4.0799891543928456E-007
          26          54   3.6938588803289013E-002
          26          55   4.3035733696236223E-003
          26          56  0.66777586579625259     
          26          57   1.2808832821414063E-002
          26          58   1.3347903253052127E-006
          27          59   1.1175571536216792E-006
          27          60   3.6958702325340489E-011
          28          58   3.6539117598812253E-002
          28          59   3.0145473536154736E-004
          28          60   6.0287073683454456E-003
          28          61   1.5120437592080216E-004
          28          62   8.1884324430089059E-004
          29          63   9.7058624581964037E-007
          30          64   5.7460757244331790E-005
          30          65   6.3473657148715822E-007
          30          66   7.9355584836129386E-006
          30          67   1.4362865639479074E-008
          30          68   2.3539127447528706E-009
