6  12 1.84993120E-02
6  13 1.82346278E-11
7  14 9.38475354E-10
7  15 1.32523804E-10
8  16 1.04258194E-01
8  17 1.78542407E-10
8  18 7.07584687E-12
9  19 4.39315106E-12
10  20 1.55985976E-03
10  21 6.79524713E-08
10  22 9.66678448E-04
11  23 6.52863165E-06
12  24 3.93255414E-03
12  25 1.73833066E-05
12  26 2.09510876E-05
13  27 4.22954697E-04
14  28 1.48301062E-01
14  29 7.47034455E-04
14  30 1.56386461E-03
15  31 3.82926973E-04
16  32 7.22328588E-02
16  33 3.74941347E-04
16  34 2.20886217E-03
16  36 2.66960599E-07
17  35 1.26614538E-04
17  37 2.29014488E-05
18  36 1.14522930E-02
18  38 8.77637458E-04
18  40 7.90585850E-09
19  39 6.49537261E-05
19  40 8.89943076E-08
19  41 8.25332448E-09
20  40 8.82238638E-03
20  42 2.70675103E-05
20  43 1.48768417E-07
20  44 8.57685962E-07
20  46 4.12608949E-10
20  48 4.77247389E-12
21  45 2.88848875E-07
22  46 1.28647954E-05
22  47 5.40760862E-07
22  48 1.55949331E-04
22  49 1.79284173E-05
22  50 1.78234137E-05
23  50 2.45695028E-08
23  51 9.25346199E-05
24  50 3.91117489E-04
24  52 7.58461602E-03
24  53 4.38845532E-05
24  54 2.38381686E-04
25  55 1.26053381E-02
26  54 1.19322251E-01
26  56 6.75526864E-01
26  57 1.89187032E-02
26  58 9.89750180E-04
27  59 4.38458371E-05
28  58 6.04627905E-02
28  60 3.11316204E-03
28  61 2.31620185E-05
28  62 5.23875509E-04
28  64 8.82472836E-07
29  63 1.65192815E-07
29  65 3.86965745E-08
30  64 1.54216253E-07
30  66 2.67017564E-07
30  67 1.85535041E-10
30  68 7.69686741E-10
30  70 7.64931898E-14