6  12 1.66E-2
6  13 3.17E-7
7  14 1.82E-4
7  15 1.21E-7
8  16 5.58E-2
8  17 3.60E-6
8  18 2.39E-7
9  19 2.30E-10
10 20 4.55E-4
10 21 1.72E-6
10 22 8.25E-4
11 23 3.01E-5
12 24 2.62E-3
12 25 2.68E-5
12 26 1.41E-5
13 27 1.41E-4
14 28 1.58E-1
14 29 2.13E-4
14 30 3.88E-4
15 31 1.07E-4
16 32 9.37E-2
16 33 1.34E-4
16 34 1.46E-3
16 36 7.44E-8
17 35 5.33E-5
17 37 1.71E-5
18 36 1.87E-2
18 38 7.44E-4
18 40 3.56E-9
19 39 4.52E-5
19 41 3.62E-6
20 40 1.88E-2
20 42 1.93E-5
20 43 4.18E-7
20 44 4.66E-5
20 46 4.47E-9
20 48 1.55E-6
21 45 1.76E-7
22 46 8.58E-6
22 47 2.57E-6
22 48 5.23E-6
22 49 3.59E-5
22 50 3.51E-4
23 50 9.07E-9
23 51 1.02E-4
24 50 2.84E-4
24 52 1.13E-2
24 53 1.17E-3
24 54 1.60E-3
25 55 6.16E-3
26 54 5.15E-2
26 56 7.95E-1
26 57 2.06E-2
26 58 3.24E-3
27 59 7.75E-4
28 58 4.97E-2
28 60 1.67E-2
28 61 5.92E-4
28 62 5.46E-3
28 64 2.32E-4
29 63 5.92E-6
29 65 3.38E-6
30 64 5.76E-5
30 66 1.04E-4
30 67 6.27E-7
30 68 9.42E-8
