6  12 5.08E-3
6  13 4.16E-7
7  14 9.03E-5
7  15 2.47E-7
8  16 5.83E-2
8  17 1.01E-6
8  18 1.92E-7
9  19 4.24E-10
10 20 6.05E-4
10 21 1.99E-6
10 22 2.11E-4
11 23 3.50E-5
12 24 4.20E-3
12 25 3.25E-5
12 26 2.97E-5
13 27 2.35E-4
14 28 1.98E-1
14 29 3.22E-4
14 30 6.14E-4
15 31 1.52E-4
16 32 1.17E-1
16 33 1.79E-4
16 34 1.90E-3
16 36 1.25E-7
17 35 6.56E-5
17 37 2.11E-5
18 36 2.34E-2
18 38 9.26E-4
18 40 4.82E-9
19 39 5.34E-5
19 41 4.25E-6
20 40 2.38E-2
20 42 2.36E-5
20 43 2.96E-7
20 44 3.62E-5
20 46 1.18E-9
20 48 4.93E-10
21 45 2.02E-7
22 46 1.05E-5
22 47 1.95E-6
22 48 6.20E-4
22 49 4.17E-5
22 50 7.28E-5
23 50 1.20E-8
23 51 1.09E-4
24 50 3.36E-4
24 52 1.40E-2
24 53 1.33E-3
24 54 8.02E-4
25 55 6.77E-3
26 54 5.64E-2
26 56 7.57E-1
26 57 1.80E-2
26 58 3.06E-3
27 59 6.35E-4
28 58 4.47E-2
28 60 1.21E-2
28 61 4.27E-4
28 62 4.60E-3
28 64 9.29E-6
29 63 3.97E-6
29 65 2.05E-6
30 64 3.96E-5
30 66 6.11E-5
30 67 4.01E-8
30 68 3.03E-8
