6  12 5.42E-3
6  13 5.06E-7
7  14 2.84E-4
7  15 9.99E-7
8  16 8.82E-2
8  17 3.77E-6
8  18 6.88E-7
9  19 1.70E-9
10 20 1.29E-3
10 21 1.16E-5
10 22 1.51E-4
11 23 8.77E-5
12 24 7.55E-3
12 25 8.23E-5
12 26 6.25E-5
13 27 4.38E-4
14 28 2.72E-1
14 29 5.47E-4
14 30 1.03E-3
15 31 2.38E-4
16 32 1.60E-1
16 33 2.74E-4
16 34 2.76E-3
16 36 2.23E-7
17 35 9.28E-5
17 37 2.94E-5
18 36 3.11E-2
18 38 1.23E-3
18 40 7.81E-9
19 39 6.76E-5
19 41 5.43E-6
20 40 3.10E-2
20 42 3.09E-5
20 43 6.60E-8
20 44 1.44E-5
20 46 5.01E-9
20 48 1.63E-6
21 45 2.49E-7
22 46 1.34E-5
22 47 5.65E-7
22 48 7.10E-4
22 49 5.27E-5
22 50 3.52E-4
23 50 9.74E-9
23 51 1.33E-4
24 50 4.44E-4
24 52 1.68E-2
24 53 1.66E-3
24 54 1.60E-3
25 55 8.48E-3
26 54 7.08E-2
26 56 5.87E-1
26 57 1.08E-2
26 58 3.23E-3
27 59 3.95E-4
28 58 3.14E-2
28 60 5.08E-3
28 61 7.00E-5
28 62 1.37E-3
28 64 2.32E-4
29 63 2.77E-6
29 65 7.08E-7
30 64 3.71E-6
30 66 2.16E-5
30 67 6.35E-7
30 68 7.44E-8
