6  12 5.08E-2
6  13 1.56E-9
7  14 3.31E-8
7  15 4.13E-7
8  16 1.33E-1
8  17 3.33E-10
8  18 2.69E-10
9  19 1.37E-10
10 20 2.29E-3
10 21 2.81E-8
10 22 2.15E-8
11 23 1.41E-5
12 24 1.58E-2
12 25 1.64E-7
12 26 1.87E-7
13 27 1.13E-4
14 28 1.42E-1
14 29 5.79E-5
14 30 7.12E-5
15 31 9.12E-5
16 32 9.14E-2
16 33 6.07E-5
16 34 1.74E-5
16 36 3.41E-11
17 35 1.06E-5
17 37 5.56E-6
18 36 1.91E-2
18 38 6.60E-7
18 40 3.42E-12
19 39 1.67E-6
19 41 4.83E-7
20 40 1.81E-2
20 42 1.06E-8
20 43 6.17E-8
20 44 1.38E-5
20 46 1.01E-9
20 48 2.47E-9
21 45 3.85E-8
22 46 3.49E-7
22 47 4.08E-7
22 48 3.13E-4
22 49 2.94E-6
22 50 1.04E-4
23 50 1.22E-8
23 51 4.27E-5
24 50 6.65E-5
24 52 7.73E-3
24 53 5.66E-4
24 54 9.04E-4
25 55 6.66E-3
26 54 7.30E-2
26 56 6.80E-1
26 57 1.92E-2
26 58 2.96E-3
27 59 9.68E-4
28 58 8.34E-2
28 60 1.47E-2
28 61 2.15E-4
28 62 1.85E-3
28 64 1.65E-5
29 63 3.00E-6
29 65 8.33E-7
30 64 7.01E-5
30 66 6.26E-6
30 67 7.28E-9
30 68 1.13E-8
