6 12 1.96e-03
6 13 1.32e-09
7 14 1.40e-07
7 15 2.53e-10
8 16 2.68e-03
8 17 3.26e-08
8 18 2.39e-10
9 19 1.87e-09
10 20 2.85e-04
10 21 3.62e-07
10 22 5.76e-05
11 23 1.45e-06
12 24 6.92e-05
12 25 3.06e-06
12 26 1.73e-06
13 27 3.58e-06
14 28 8.02e-04
14 29 3.36e-06
14 30 4.30e-06
15 31 1.94e-06
16 32 3.53e-04
16 33 1.21e-06
16 34 6.04e-06
16 36 3.76e-09
17 35 8.29e-07
17 37 1.80e-07
18 36 5.90e-05
18 38 4.60e-06
18 40 1.24e-09
19 39 6.81e-07
19 41 4.50e-08
20 40 4.75e-05
20 42 2.05e-07
20 43 1.75e-09
20 44 4.71e-08
20 46 4.25e-10
20 48 5.63e-10
21 45 3.11e-09
22 46 9.44e-08
22 47 4.18e-09
22 48 1.21e-06
22 49 1.18e-07
22 50 2.71e-07
23 50 3.14e-10
23 51 9.62e-07
24 50 2.65e-06
24 52 7.01e-05
24 53 1.32e-05
24 54 4.31e-06
25 55 1.66e-04
26 54 1.32e-03
26 56 4.06e-03
26 57 1.59e-04
26 58 2.17e-05
27 59 9.64e-06
28 58 8.24e-04
28 60 8.97e-05
28 61 4.76e-07
28 62 1.22e-05
28 64 4.42e-08
29 63 4.30e-08
29 65 1.08e-08
30 64 2.57e-08
30 66 2.89e-08
30 67 1.93e-09
30 68 2.31e-09
30 70 2.85e-10
