6 12	0.321
6 13    2.56e-12
7 14    2.67e-10
7 15    6.53e-11
8 16    0.347
8 17    8.94e-11
8 18    1.36e-12
9 19    1.62e-12
10 20   0.000847
10 21   2.26e-08
10 22   0.0131
11 23   1.66e-06
12 24   0.00264
12 25   7.4e-06
12 26   8.07417726745e-06
13 26   3.25822732556e-07
13 27   0.000197
14 28   0.0323
14 29   0.000227
14 30   0.000433
15 31   0.0001
16 32   0.013
16 33   7.87e-05
16 34   0.000582
16 36   3.73e-08
17 35   2.95e-05
17 37   5.48e-06
18 36   0.00195
18 38   0.000253
18 40   5.64000000161e-10
19 39   1.78e-05
19 40   8.55999999984e-09
19 41   8.12e-10
20 40   0.0015
20 42   7.2e-06
20 43   1.91e-08
20 44   1.47e-07
20 46   3.43e-09
20 48   5.8e-10
21 45   4.18e-08
22 46   3.36e-06
22 47   1.2e-07
22 48   3.84e-05
22 49   5.75e-06
22 50   0.000525
23 50   6.55e-08
23 51   0.000233
24 50   0.000226
24 52   0.012
24 53   0.00057
24 54   0.00484
25 55   0.0115
26 54   0.19
26 56   0.42
26 57   0.0136
26 58   0.0143
26 60   5.44539176376e-07
27 59   0.000321
27 60   1.11601029027e-12
28 58   0.0579
28 60   0.00816028345971
28 61   8.26e-05
28 62   0.00438
28 64   2.56e-05
29 63   6.91e-07
29 65   4.22e-07
30 64   6.78e-07
30 66   1.22e-06
30 67   1.6e-09
30 68   1.53e-08
30 70   4.2e-12
