6 13    8.29e-11
7 14    7.6e-10
7 15    1.6e-11
8 16    0.0754
8 17    4.72e-10
8 18    1.14e-11
9 19    6.27e-12
10 20   0.000281
10 21   1.43e-07
10 22   0.00017
11 23   4.26e-06
12 24   0.000839
12 25   2.12e-05
12 26   3.666e-05
13 26   2.66795448754e-322
13 27   0.000188
14 28   0.225
14 29   0.00163
14 30   0.00564
15 31   0.000958
16 32   0.08
16 33   0.000715
16 34   0.0172
16 36   6.62e-06
17 35   0.000348
17 37   8.17e-05
18 36   0.0114
18 38   0.0093
18 40   1.56000079209e-07
19 39   0.000244
19 40   1.39999920791e-07
19 41   6.75e-08
20 40   0.00892999999992
20 42   0.000242
20 43   9.1e-07
20 44   2.4e-06
20 46   5.5e-09
20 48   5.6e-10
21 45   6.48e-07
22 46   9.17e-05
22 47   5.9e-06
22 48   0.000181
22 49   3.28e-05
22 50   0.000546
23 50   1.98e-07
23 51   0.00044
24 50   0.00156
24 52   0.0171
24 53   0.00051
24 54   0.0051
25 55   0.0184
26 54   0.194
26 56   0.499
26 57   0.0268
26 58   0.0147
26 60   9.83190635224e-322
27 59   0.000323
28 58   0.133
28 60   0.010000856
28 61   0.000269
28 62   0.00824
28 64   2.67e-05
29 63   6.3e-06
29 65   3.3e-06
30 64   6.7e-06
30 66   7.9e-05
30 67   2.59e-07
30 68   7.45e-08
30 70   4.25e-12
