6 12	0.365
6 13    1.34e-11
7 14    1.15e-09
7 15    5.5e-10
8 16    0.394
8 17    3.4e-10
8 18    1.1e-11
9 19    7.24e-12
10 20   0.0022
10 21   6.7e-08
10 22   0.0149
11 23   6.27e-06
12 24   0.00322
12 25   1.55e-05
12 26   2.117615068e-05
13 26   7.63849320031e-07
13 27   0.000236
14 28   0.0346
14 29   0.000286
14 30   0.000461
15 31   0.000111
16 32   0.0137
16 33   8.12e-05
16 34   0.000647
16 36   3.56e-08
17 35   3.76e-05
17 37   5.48e-06
18 36   0.00198
18 38   0.000287
18 40   5.44000000221e-10
19 39   1.82e-05
19 40   1.16999999998e-08
19 41   8.6e-10
20 40   0.0015
20 42   7.54e-06
20 43   2.5e-08
20 44   1.37e-07
20 46   1.69e-11
20 48   5.59e-14
21 45   3.52e-08
22 46   3.4e-06
22 47   9.88e-08
22 48   3.29e-05
22 49   4.13e-06
22 50   3.58e-06
23 50   1.53e-08
23 51   3.87e-05
24 50   0.000184
24 52   0.00446
24 53   3.5e-05
24 54   9.16e-05
25 55   0.00821
26 54   0.0927
26 56   0.355
26 57   0.0119
26 58   0.000554
26 60   1.58495098438e-09
27 59   6.15e-05
27 60   3.24829082071e-15
28 58   0.0521
28 60   0.00617000082505
28 61   4.37e-05
28 62   0.000573
28 64   1.62e-07
29 63   3.27e-07
29 65   8.75e-08
30 64   6.73e-07
30 66   1.2e-06
30 67   7.14e-10
30 68   5.27e-10
30 70   4.16e-15
