6 13    2.65e-11
7 14    4.2e-10
7 15    1.97e-11
8 16    0.0662
8 17    2.61e-10
8 18    3.92e-12
9 19    3.48e-12
10 20   0.000678
10 21   9.93e-08
10 22   0.000128
11 23   3.76e-06
12 24   0.001
12 25   2.46e-05
12 26   2.2218e-05
13 26   2.66795448754e-322
13 27   0.000162
14 28   0.231
14 29   0.000848
14 30   0.00198
15 31   0.000528
16 32   0.0959
16 33   0.000531
16 34   0.00815
16 36   1.46e-06
17 35   0.000282
17 37   7.22e-05
18 36   0.0151
18 38   0.00547
18 40   3.65000848663e-08
19 39   0.000232
19 40   1.49999915134e-07
19 41   2.45e-08
20 40   0.0118999999999
20 42   0.000172
20 43   8e-07
20 44   2.39e-06
20 46   9.55e-10
20 48   1.98e-13
21 45   5.79e-07
22 46   7.61e-05
22 47   5.17e-06
22 48   0.000249
22 49   3e-05
22 50   3.22e-06
23 50   4.96e-08
23 51   0.000156
24 50   0.00121
24 52   0.0081
24 53   3.19e-05
24 54   8.63e-05
25 55   0.0127
26 54   0.146
26 56   0.598
26 57   0.0266
26 58   0.000518
26 60   9.83190635224e-322
27 59   5.81e-05
28 58   0.18
28 60   0.0095800021
28 61   0.000317
28 62   0.00431
28 64   1.46e-07
29 63   4.6e-06
29 65   3.48e-06
30 64   1.16e-05
30 66   7.22e-05
30 67   1.84e-07
30 68   3.34e-08
30 70   3.51e-15
