6 13    4.48e-12
7 14    1.39e-10
7 15    3.39e-11
8 16    0.0573
8 17    2.71e-11
8 18    4.27e-13
9 19    3.68e-13
10 20   0.000133
10 21   8.35e-09
10 22   8.56e-05
11 23   1.19e-06
12 24   0.000739
12 25   3.86e-06
12 26   4.604e-06
13 26   2.66795448754e-322
13 27   9.85e-05
14 28   0.239
14 29   0.000435
14 30   0.000858
15 31   0.000344
16 32   0.111
16 33   0.000428
16 34   0.00476
16 36   2.41e-07
17 35   0.000249
17 37   7.13e-05
18 36   0.0184
18 38   0.00394
18 40   8.40005029744e-09
19 39   0.000255
19 40   8.88999497026e-08
19 41   1.16e-08
20 40   0.0143999999999
20 42   0.000135
20 43   7.99e-07
20 44   2.45e-06
20 46   3.15e-10
20 48   5.34e-14
21 45   7.9e-07
22 46   6.66e-05
22 47   4.37e-06
22 48   0.000278
22 49   2.95e-05
22 50   2.85e-06
23 50   2.64e-08
23 51   0.000117
24 50   0.000925
24 52   0.00764
24 53   2.99e-05
24 54   7.8e-05
25 55   0.011
26 54   0.126
26 56   0.632
26 57   0.0242
26 58   0.000478
26 60   9.83190635224e-322
27 59   5.67e-05
28 58   0.0869
28 60   0.01100000175
28 61   0.000289
28 62   0.0039
28 64   1.3e-07
29 63   2.9e-06
29 65   2.86e-06
30 64   1.3e-05
30 66   4.79e-05
30 67   9.53e-08
30 68   2.33e-08
30 70   2.96e-15
