6 13    8.17e-12
7 14    5.55e-10
7 15    2.45e-10
8 16    0.0545
8 17    1.48e-10
8 18    4.28e-12
9 19    2.15e-12
10 20   0.000551
10 21   1.71e-08
10 22   5.19e-05
11 23   2.9e-06
12 24   0.0017
12 25   5.6e-06
12 26   7.8e-06
13 26   2.66795448754e-322
13 27   0.000136
14 28   0.22
14 29   0.000265
14 30   0.000433
15 31   0.000166
16 32   0.12
16 33   0.00023
16 34   0.0017
16 36   3.69e-08
17 35   0.00017
17 37   3.55e-05
18 36   0.0227
18 38   0.00127
18 40   8.5601476674e-10
19 39   0.000114
19 40   2.60999852333e-08
19 41   3.6e-09
20 40   0.0196
20 42   4.3e-05
20 43   1.39e-06
20 44   3.44e-06
20 46   2.63e-11
20 48   1.18e-16
21 45   4.47e-07
22 46   2.24e-05
22 47   5.42e-06
22 48   0.000443
22 49   2.93e-05
22 50   6.4e-10
23 50   3.56e-09
23 51   7.89e-05
24 50   0.00035
24 52   0.00591
24 53   7.59e-09
24 54   1.19e-07
25 55   0.00542
26 54   0.0528
26 56   0.725
26 57   0.0217
26 58   1.86e-07
26 60   9.83190635224e-322
27 59   1.16e-07
28 58   0.046
28 60   0.00916
28 61   0.000385
28 62   0.00234
28 64   3.67e-10
29 63   2.24e-06
29 65   3.97e-06
30 64   2.9e-05
30 66   4.18e-05
30 67   5.19e-08
30 68   6.9e-08
30 70   2.94e-15
