6 13    1.11e-11
7 14    5.2e-09
7 15    9.22e-07
8 16    0.0422
8 17    3.29e-11
8 18    4.94e-13
9 19    1.4e-11
10 20   0.000632
10 21   6.95e-10
10 22   5.5e-09
11 23   1.23e-06
12 24   0.00262
12 25   3.4e-08
12 26   7.213e-07
13 26   2.66795448754e-322
13 27   1.29e-05
14 28   0.24
14 29   3.47e-05
14 30   2.96e-05
15 31   6e-05
16 32   0.132
16 33   1.84e-05
16 34   8.43e-06
16 36   1.3e-12
17 35   1.35e-05
17 37   2.82e-06
18 36   0.0296
18 38   1.9e-06
18 40   4.6100038699e-13
19 39   4.57e-06
19 40   6.8399961301e-13
19 41   5.34e-11
20 40   0.0279
20 42   1.67e-08
20 43   3.37e-07
20 44   4.8e-06
20 46   6.23e-12
20 48   2.68e-14
21 45   9.65e-08
22 46   2.2e-06
22 47   1.36e-06
22 48   0.00059
22 49   6.13e-06
22 50   2.43e-06
23 50   1.25e-08
23 51   4.72e-05
24 50   0.000158
24 52   0.013
24 53   2.67e-05
24 54   6.81e-05
25 55   0.00725
26 54   0.0848
26 56   0.74
26 57   0.0158
26 58   0.000426
26 60   9.83190635224e-322
27 59   5.25e-05
28 58   0.0429
28 60   0.01310000133
28 61   0.000216
28 62   0.000355
28 64   1.5e-07
29 63   5.45e-07
29 65   1.68e-06
30 64   0.000164
30 66   2.3e-06
30 67   2.4e-08
30 68   1.99e-06
30 70   2.11e-15
