6 13    2.5e-12
7 14    2.74e-10
7 15    6.32e-09
8 16    0.0445
8 17    1.36e-12
8 18    6.23e-14
9 19    7.92e-13
10 20   0.000218
10 21   4.6e-10
10 22   6.23e-06
11 23   3.81e-07
12 24   0.00261
12 25   5.47e-07
12 26   4.04e-07
13 26   2.66795448754e-322
13 27   3.29e-05
14 28   0.169
14 29   7.62e-05
14 30   1.38e-05
15 31   2.59e-05
16 32   0.19
16 33   6.25e-05
16 34   7.37e-05
16 36   1.22e-10
17 35   1.42e-05
17 37   8.77e-06
18 36   0.0244
18 38   5.61e-05
18 40   2.89070721937e-12
19 39   1.5e-05
19 40   1.24999929278e-09
19 41   2.53e-10
20 40   0.0238
20 42   1.55e-06
20 43   5.58e-07
20 44   4.48e-06
20 46   1.41e-15
20 48   1.7e-22
21 45   1.64e-07
22 46   2.54e-06
22 47   2.31e-06
22 48   0.00065
22 49   1.75e-05
22 50   1.47e-13
23 50   2.1e-11
23 51   2.96e-05
24 50   6.12e-05
24 52   0.00798
24 53   1.49e-09
24 54   3.39e-08
25 55   0.00349
26 54   0.0328
26 56   0.839
26 57   0.0172
26 58   1.41e-07
26 60   9.83190635224e-322
27 59   5.33e-08
28 58   0.022
28 60   0.0129
28 61   0.000347
28 62   0.000188
28 64   1.59e-13
29 63   2.81e-06
29 65   3.9e-06
30 64   0.000321
30 66   7.91e-06
30 67   4.36e-08
30 68   1.92e-06
30 70   5.98e-18
