6 13    3.24e-12
7 14    2.94e-10
7 15    4.87e-10
8 16    0.0485
8 17    1.39e-11
8 18    9.92e-13
9 19    2.6e-13
10 20   0.000658
10 21   5.19e-09
10 22   1.7e-05
11 23   1.36e-06
12 24   0.00169
12 25   1.66e-06
12 26   3.417e-06
13 26   2.66795448754e-322
13 27   7.58e-05
14 28   0.23
14 29   0.000167
14 30   0.000137
15 31   9.94e-05
16 32   0.114
16 33   0.000174
16 34   0.000814
16 36   4.24e-09
17 35   8.17e-05
17 37   3.25e-05
18 36   0.022
18 38   0.000736
18 40   1.12007298504e-10
19 39   0.00014
19 40   1.28999927015e-08
19 41   1.59e-09
20 40   0.0184
20 42   2.57e-05
20 43   1.35e-06
20 44   2.84e-06
20 46   3.4e-09
20 48   4.99e-10
21 45   4.97e-07
22 46   1.5e-05
22 47   3.12e-06
22 48   0.000356
22 49   2.49e-05
22 50   0.000523
23 50   6.35e-08
23 51   0.000268
24 50   0.000335
24 52   0.0157
24 53   0.0005
24 54   0.00482
25 55   0.0118
26 54   0.11
26 56   0.72
26 57   0.0196
26 58   0.0143
26 60   9.83190635224e-322
27 59   0.000314
28 58   0.0564
28 60   0.013900793
28 61   0.000279
28 62   0.005
28 64   2.51e-05
29 63   1.65e-06
29 65   2.37e-06
30 64   2.89e-05
30 66   1.56e-05
30 67   1.17e-08
30 68   6.7e-08
30 70   3.81e-12
