6 12	0.472
6 13    3.38e-11
7 14    3.79e-09
7 15    7.15e-10
8 16    0.498
8 17    1.51e-09
8 18    4.61e-11
9 19    9.3e-12
10 20   0.00129
10 21   4.6e-08
10 22   0.0192
11 23   3.84e-06
12 24   0.00236
12 25   1.6e-05
12 26   1.33409758501e-05
13 26   4.7902414985e-07
13 27   0.000172
14 28   0.0357
14 29   0.000227
14 30   0.000372
15 31   9.51e-05
16 32   0.015
16 33   8.11e-05
16 34   0.000696
16 36   3.14e-08
17 35   3.69e-05
17 37   7.35e-06
18 36   0.00226
18 38   0.00042
18 40   4.38000000174e-10
19 39   2.63e-05
19 40   9.22999999983e-09
19 41   8.41e-10
20 40   0.00171
20 42   1.19e-05
20 43   1.95e-08
20 44   1.24e-07
20 46   6.72e-12
20 48   4.2e-17
21 45   4.2e-08
22 46   4.66e-06
22 47   9.66e-08
22 48   2.54e-05
22 49   1.94e-06
22 50   5.81e-11
23 50   4.3e-10
23 51   7.38e-06
24 50   3.36e-05
24 52   0.000753
24 53   7.87e-10
24 54   7.88e-09
25 55   0.00169
26 54   0.0122
26 56   0.21
26 57   0.00627
26 58   2.21e-09
26 60   1.72963530661e-19
27 59   8.62e-09
27 60   3.54481529397e-25
28 58   0.0164
28 60   0.000652
28 61   2.35e-05
28 62   0.00021
28 64   8.64e-17
29 63   1.24e-07
29 65   5.84e-08
30 64   4.36e-07
30 66   1.3e-06
30 67   5.54e-10
30 68   2.17e-10
30 70   9.84e-23
