6 12	0.434
6 13    2.11e-11
7 14    1.67e-09
7 15    6.51e-10
8 16    0.463
8 17    5.28e-10
8 18    1.43e-11
9 19    8.4e-12
10 20   0.00235
10 21   7.44e-08
10 22   0.0177
11 23   6.4e-06
12 24   0.0039
12 25   1.48e-05
12 26   2.15545730156e-05
13 26   7.85426984439e-07
13 27   0.000224
14 28   0.0382
14 29   0.000284
14 30   0.000442
15 31   0.00019
16 32   0.0157
16 33   8.77e-05
16 34   0.000729
16 36   3.48e-08
17 35   3.77e-05
17 37   7.27e-06
18 36   0.00236
18 38   0.000394
18 40   4.86000000182e-10
19 39   2.5e-05
19 40   9.66999999982e-09
19 41   8.92e-10
20 40   0.00182
20 42   1.12e-05
20 43   2.5e-08
20 44   1.42e-07
20 46   6.56e-12
20 48   3.32e-17
21 45   4.41e-08
22 46   4.56e-06
22 47   1.4e-07
22 48   3.11e-05
22 49   2.88e-06
22 50   6.9e-11
23 50   4.21e-10
23 51   1.41e-05
24 50   7.1e-05
24 52   0.00111
24 53   1.78e-09
24 54   4.64e-08
25 55   0.00355
26 54   0.0377
26 56   0.265
26 57   0.00865
26 58   1.62e-07
26 60   2.15711171318e-19
27 59   6.65e-08
27 60   4.4209103286e-25
28 58   0.03
28 60   0.000951
28 61   2.59e-05
28 62   0.000222
28 64   3.36e-14
29 63   1.36e-07
29 65   6.52e-08
30 64   4.96e-07
30 66   1.1e-06
30 67   6.12e-10
30 68   2.41e-10
30 70   9.85e-24
