6 13    2.54e-12
7 14    1.4e-10
7 15    9.4e-11
8 16    0.0569
8 17    1.9e-11
8 18    2.29e-13
9 19    1.38e-13
10 20   0.000138
10 21   3.6e-09
10 22   4.28e-05
11 23   8.9e-07
12 24   0.0011
12 25   2.36e-06
12 26   2.555e-06
13 26   2.66795448754e-322
13 27   9.14e-05
14 28   0.235
14 29   0.000258
14 30   0.000351
15 31   0.000192
16 32   0.123
16 33   0.000285
16 34   0.0029
16 36   2.58e-08
17 35   0.000153
17 37   5.7e-05
18 36   0.0222
18 38   0.00182
18 40   8.30021782357e-10
19 39   0.000176
19 40   3.84999782176e-08
19 41   4.7e-09
20 40   0.0179
20 42   6.55e-05
20 43   1.7e-06
20 44   2.75e-06
20 46   2.7e-11
20 48   3.28e-14
21 45   6.5e-07
22 46   3.34e-05
22 47   3.84e-06
22 48   0.000341
22 49   2.82e-05
22 50   2.66e-06
23 50   1.71e-08
23 51   9.5e-05
24 50   0.000496
24 52   0.0084
24 53   2.87e-05
24 54   7.34e-05
25 55   0.00955
26 54   0.16
26 56   0.671
26 57   0.028
26 58   0.000454
26 60   9.83190635224e-322
27 59   5.52e-05
28 58   0.0635
28 60   0.0112000016
28 61   0.000266
28 62   0.00188
28 64   1.21e-07
29 63   1.71e-06
29 65   2.36e-06
30 64   1.81e-05
30 66   2.72e-05
30 67   3.42e-08
30 68   2.52e-08
30 70   2.68e-15
