6 13    5.54e-11
7 14    9.2e-10
7 15    2.96e-11
8 16    0.0623
8 17    6.34e-10
8 18    1.48e-11
9 19    1.67e-11
10 20   0.000682
10 21   2.3e-07
10 22   6.46e-05
11 23   4.45e-06
12 24   0.000757
12 25   2.35e-05
12 26   2.8814e-05
13 26   2.66795448754e-322
13 27   0.000118
14 28   0.221
14 29   0.000729
14 30   0.00169
15 31   0.000531
16 32   0.0927
16 33   0.000546
16 34   0.00866
16 36   7.92e-07
17 35   0.000317
17 37   8.21e-05
18 36   0.0144
18 38   0.00625
18 40   2.90000905241e-08
19 39   0.000289
19 40   1.59999909476e-07
19 41   2.16e-08
20 40   0.0110999999999
20 42   0.000196
20 43   7.88e-07
20 44   2.12e-06
20 46   4.7e-09
20 48   5.28e-10
21 45   6.34e-07
22 46   9.2e-05
22 47   5.4e-06
22 48   0.000215
22 49   2.79e-05
22 50   0.000534
23 50   9.97e-08
23 51   0.000338
24 50   0.00113
24 52   0.0152
24 53   0.00051
24 54   0.00492
25 55   0.0155
26 54   0.155
26 56   0.587
26 57   0.0261
26 58   0.0145
26 60   9.83190635224e-322
27 59   0.000318
28 58   0.16
28 60   0.019000818
28 61   0.000298
28 62   0.00735
28 64   2.6e-05
29 63   4.12e-06
29 65   3.33e-06
30 64   9.66e-06
30 66   5.99e-05
30 67   1.66e-07
30 68   4.39e-08
30 70   4.2e-12
