6  12 3.49E-3
6  13 8.75E-7
7  14 2.79E-7
7  15 7.06E-10
8  16 1.51E-1
8  17 1.46E-8
8  18 5.24E-10
9  19 2.70E-10
10 20 4.05E-3
10 21 4.35E-6
10 22 7.62E-5
11 23 5.87E-5
12 24 2.14E-2
12 25 8.90E-5
12 26 1.13E-4
13 27 1.17E-3
14 28 2.83E-1
14 29 1.47E-3
14 30 2.83E-3
15 31 5.91E-4
16 32 1.21E-1
16 33 5.18E-4
16 34 5.65E-3
16 36 4.78E-7
17 35 1.70E-4
17 37 5.03E-5
18 36 1.93E-2
18 38 2.67E-3
18 40 5.49E-9
19 39 1.22E-4
19 40 3.88E-8
19 41 8.74E-6
20 40 1.69E-2
20 42 6.15E-5
20 43 1.61E-7
20 44 1.59E-5
20 46 2.30E-11
20 48 1.75E-16
21 45 2.29E-7
22 46 2.52E-5
22 47 1.08E-6
22 48 8.16E-4
22 49 2.95E-5
22 50 1.34E-8
23 50 4.88E-9
23 51 6.52E-5
24 50 3.84E-4
24 52 8.91E-3
24 53 1.08E-3
24 54 6.68E-7
25 55 7.34E-3
26 54 7.40E-2
26 56 5.59E-1
26 57 1.80E-2
26 58 1.57E-5
27 59 6.36E-4
28 58 7.03E-2
28 60 8.35E-3
28 61 2.05E-4
28 62 1.61E-3
28 64 1.32E-9
29 63 1.34E-6
29 65 7.85E-7
30 64 1.38E-5
30 66 2.13E-5
30 67 8.14E-11
30 68 9.55E-9
30 70 5.53E-17
