6  12 3.64E-1
6  13 2.29E-6
7  14 1.54E-6
7  15 1.65E-9
8  16 4.27E-1
8  17 4.51E-8
8  18 1.80E-9
9  19 1.04E-9
10 20 6.13E-3
10 21 1.66E-5
10 22 1.90E-2
11 23 1.59E-4
12 24 9.55E-3
12 25 1.72E-4
12 26 1.93E-4
13 27 7.23E-4
14 28 5.02E-2
14 29 6.52E-4
14 30 9.88E-4
15 31 1.91E-4
16 32 1.87E-2
16 33 1.01E-4
16 34 9.80E-4
16 36 1.49E-7
17 35 3.41E-5
17 37 7.45E-6
18 36 2.54E-3
18 38 3.98E-4
18 40 1.32E-9
19 39 1.71E-5
19 40 7.17E-9
19 41 1.10E-6
20 40 2.04E-3
20 42 8.38E-6
20 43 1.84E-8
20 44 1.94E-6
20 46 2.45E-12
20 48 1.94E-17
21 45 2.55E-8
22 46 3.57E-6
22 47 1.36E-7
22 48 9.23E-5
22 49 3.68E-6
22 50 9.98E-10
23 50 3.82E-9
23 51 2.15E-5
24 50 1.56E-4
24 52 2.70E-3
24 53 7.12E-4
24 54 6.85E-8
25 55 7.35E-3
26 54 8.15E-2
26 56 2.95E-1
26 57 1.26E-2
26 58 1.36E-5
27 59 8.20E-4
28 58 7.24E-2
28 60 1.11E-2
28 61 7.20E-5
28 62 6.35E-4
28 64 6.32E-11
29 63 6.49E-7
29 65 1.96E-7
30 64 3.74E-6
30 66 6.39E-6
30 67 2.29E-11
30 68 2.71E-9
30 70 2.60E-19
