6  12 1.21E-2
6  13 2.80E-6
7  14 1.15E-6
7  15 3.32E-9
8  16 3.76E-1
8  17 7.61E-8
8  18 2.42E-9
9  19 1.54E-9
10 20 1.10E-2
10 21 2.36E-5
10 22 2.82E-4
11 23 2.07E-4
12 24 5.84E-2
12 25 2.95E-4
12 26 3.49E-4
13 27 3.22E-3
14 28 3.27E-1
14 29 3.64E-3
14 30 7.45E-3
15 31 1.36E-3
16 32 1.07E-1
16 33 1.04E-3
16 34 1.11E-3
16 36 1.30E-6
17 35 2.90E-4
17 37 7.87E-5
18 36 1.21E-2
18 38 4.02E-3
18 40 1.46E-8
19 39 1.60E-4
19 40 7.75E-8
19 41 1.18E-5
20 40 6.82E-3
20 42 8.71E-5
20 43 1.31E-7
20 44 3.31E-6
20 46 5.80E-11
20 48 4.27E-16
21 45 2.38E-7
22 46 3.34E-5
22 47 7.98E-7
22 48 1.65E-4
22 49 8.52E-6
22 50 3.77E-9
23 50 7.13E-9
23 51 2.95E-5
24 50 3.15E-4
24 52 2.60E-3
24 53 6.03E-4
24 54 1.82E-7
25 55 5.95E-3
26 54 7.01E-2
26 56 2.78E-1
26 57 1.23E-2
26 58 1.27E-5
27 59 6.70E-4
28 58 6.63E-2
28 60 8.05E-3
28 61 6.95E-5
28 62 5.85E-4
28 64 1.52E-10
29 63 5.99E-7
29 65 1.82E-7
30 64 3.23E-6
30 66 5.58E-6
30 67 2.28E-11
30 68 2.44E-9
30 70 2.89E-18
