6  12 4.99E-02
6  13 9.57E-07
7  14 1.11E-06
7  15 1.71E-09
8  16 1.40E-01
8  17 3.59E-08
8  18 1.13E-09
9  19 7.19E-10
10 20 1.69E-03
10 21 1.06E-05
10 22 2.57E-03
11 23 6.59E-05
12 24 1.62E-02
12 25 6.12E-05
12 26 3.79E-05
13 27 1.00E-03
14 28 1.64E-01
14 29 9.72E-04
14 30 2.04E-03
15 31 3.86E-04
16 32 7.74E-02
16 33 3.62E-04
16 34 1.96E-03
16 36 4.10E-07
17 35 1.10E-04
17 37 2.81E-05
18 36 1.21E-02
18 38 9.46E-04
18 40 6.10E-09
19 39 6.01E-05
19 40 4.34E-08
19 41 4.36E-06
20 40 9.73E-03
20 42 2.38E-05
20 43 7.27E-08
20 44 8.40E-06
20 46 3.65E-11
20 48 2.82E-13
21 45 1.33E-07
22 46 1.16E-05
22 47 5.15E-07
22 48 3.65E-04
22 49 1.48E-05
22 50 1.85E-06
23 50 3.50E-09
23 51 4.04E-05
24 50 2.61E-04
24 52 4.32E-03
24 53 6.60E-04
24 54 3.48E-05
25 55 6.72E-03
26 54 7.77E-02
26 56 6.57E-01
26 57 2.56E-02
26 58 2.29E-04
27 59 8.29E-04
28 58 1.06E-01
28 60 9.75E-03
28 61 2.73E-04
28 62 2.52E-03
28 64 2.20E-07
29 63 1.77E-06
29 65 7.78E-07
30 64 1.43E-05
30 66 2.37E-05
30 67 4.94E-11
30 68 9.59E-09
30 70 2.36E-14
