6 12 9.39e-05
6 13 3.53e-11
7 14 4.10e-09
7 15 1.48e-07
8 16 4.06e-02
8 17 2.37e-11
8 18 9.24e-12
9 19 3.05e-12
10 20 1.14e-03
10 21 8.53e-10
10 22 2.53e-09
11 23 8.27e-07
12 24 5.72e-03
12 25 3.47e-08
12 26 1.57e-08
13 27 1.58e-05
14 28 1.16e-01
14 29 1.93e-05
14 30 1.14e-05
15 31 2.55e-05
16 32 7.37e-02
16 33 6.11e-06
16 34 2.27e-06
16 36 1.46e-13
17 35 4.63e-06
17 37 8.21e-07
18 36 1.65e-02
18 38 1.55e-07
18 40 1.49e-14
19 39 1.34e-06
19 41 2.68e-07
20 40 1.65e-02
20 42 3.80e-09
20 43 2.38e-08
20 44 1.25e-05
20 46 5.04e-25
20 48 0.00e+00
21 45 2.26e-08
22 46 1.29e-08
22 47 3.73e-08
22 48 3.47e-04
22 49 4.77e-07
22 50 7.08e-22
23 50 2.58e-15
23 51 6.34e-06
24 50 7.25e-07
24 52 8.42e-03
24 53 1.05e-04
24 54 7.25e-13
25 55 7.54e-04
26 54 8.20e-04
26 56 9.16e-01
26 57 7.72e-03
26 58 4.93e-12
27 59 3.55e-04
28 58 2.75e-03
28 60 1.76e-03
28 61 1.56e-05
28 62 1.08e-05
28 64 2.50e-19
29 63 7.49e-06
29 65 5.70e-08
30 64 1.53e-05
30 66 6.29e-08
30 67 1.22e-11
30 68 1.42e-12
30 70 0.00e+00
