6 12 1.51e-04
6 13 2.96e-11
7 14 5.67e-09
7 15 1.87e-07
8 16 5.20e-02
8 17 4.15e-11
8 18 1.56e-11
9 19 4.86e-12
10 20 2.29e-03
10 21 1.72e-09
10 22 4.54e-09
11 23 1.48e-06
12 24 7.21e-03
12 25 5.89e-08
12 26 2.55e-08
13 27 2.13e-05
14 28 1.38e-01
14 29 2.15e-05
14 30 1.22e-05
15 31 3.05e-05
16 32 8.76e-02
16 33 7.28e-06
16 34 2.23e-06
16 36 1.90e-13
17 35 5.26e-06
17 37 1.01e-06
18 36 1.95e-02
18 38 1.74e-07
18 40 1.87e-14
19 39 1.51e-06
19 41 3.15e-07
20 40 1.95e-02
20 42 4.22e-09
20 43 2.40e-08
20 44 1.42e-05
20 46 4.84e-25
20 48 0.00e+00
21 45 2.51e-08
22 46 9.52e-09
22 47 3.76e-08
22 48 3.93e-04
22 49 4.80e-07
22 50 8.73e-23
23 50 3.36e-16
23 51 5.95e-06
24 50 3.81e-07
24 52 9.21e-03
24 53 9.84e-05
24 54 1.49e-13
25 55 3.11e-04
26 54 2.21e-04
26 56 8.32e-01
26 57 6.43e-03
26 58 2.14e-12
27 59 3.06e-04
28 58 1.89e-03
28 60 1.58e-03
28 61 1.38e-05
28 62 8.98e-06
28 64 1.87e-19
29 63 6.24e-06
29 65 5.12e-08
30 64 1.35e-05
30 66 5.19e-08
30 67 9.90e-12
30 68 1.11e-12
30 70 0.00e+00
