6 12 7.50e-05
6 13 3.80e-11
7 14 3.56e-09
7 15 1.30e-07
8 16 3.52e-02
8 17 1.90e-11
8 18 7.41e-12
9 19 2.40e-12
10 20 8.33e-04
10 21 6.42e-10
10 22 2.05e-09
11 23 6.35e-07
12 24 4.98e-03
12 25 2.75e-08
12 26 1.31e-08
13 27 1.32e-05
14 28 1.05e-01
14 29 1.81e-05
14 30 1.10e-05
15 31 2.29e-05
16 32 6.68e-02
16 33 5.46e-06
16 34 2.32e-06
16 36 1.28e-13
17 35 4.31e-06
17 37 7.19e-07
18 36 1.51e-02
18 38 1.46e-07
18 40 1.31e-14
19 39 1.26e-06
19 41 2.42e-07
20 40 1.51e-02
20 42 3.59e-09
20 43 2.36e-08
20 44 1.17e-05
20 46 4.55e-25
20 48 0.00e+00
21 45 2.13e-08
22 46 1.51e-08
22 47 3.71e-08
22 48 3.24e-04
22 49 5.65e-07
22 50 1.64e-21
23 50 5.84e-15
23 51 6.94e-06
24 50 1.21e-06
24 52 8.13e-03
24 53 1.21e-04
24 54 1.34e-12
25 55 1.11e-03
26 54 1.40e-03
26 56 9.57e-01
26 57 8.39e-03
26 58 6.99e-12
27 59 3.77e-04
28 58 3.26e-03
28 60 1.83e-03
28 61 1.63e-05
28 62 1.16e-05
28 64 2.78e-19
29 63 8.10e-06
29 65 5.89e-08
30 64 1.59e-05
30 66 6.81e-08
30 67 1.33e-11
30 68 1.57e-12
30 70 0.00e+00
