6 12 6.33e-05
6 13 4.03e-11
7 14 3.12e-09
7 15 1.16e-07
8 16 3.12e-02
8 17 1.56e-11
8 18 6.10e-12
9 19 1.96e-12
10 20 6.54e-04
10 21 5.50e-10
10 22 1.66e-09
11 23 5.09e-07
12 24 4.41e-03
12 25 2.27e-08
12 26 1.15e-08
13 27 1.12e-05
14 28 9.57e-02
14 29 1.72e-05
14 30 1.08e-05
15 31 2.08e-05
16 32 6.12e-02
16 33 4.90e-06
16 34 2.39e-06
16 36 1.14e-13
17 35 4.03e-06
17 37 6.29e-07
18 36 1.38e-02
18 38 1.38e-07
18 40 1.15e-14
19 39 1.19e-06
19 41 2.19e-07
20 40 1.39e-02
20 42 3.41e-09
20 43 2.34e-08
20 44 1.11e-05
20 46 4.13e-25
20 48 0.00e+00
21 45 2.03e-08
22 46 1.79e-08
22 47 3.75e-08
22 48 3.05e-04
22 49 7.05e-07
22 50 3.08e-21
23 50 1.08e-14
23 51 7.77e-06
24 50 1.91e-06
24 52 7.95e-03
24 53 1.43e-04
24 54 2.14e-12
25 55 1.48e-03
26 54 2.08e-03
26 56 9.90e-01
26 57 8.98e-03
26 58 9.18e-12
27 59 3.94e-04
28 58 3.74e-03
28 60 1.87e-03
28 61 1.68e-05
28 62 1.21e-05
28 64 3.01e-19
29 63 8.57e-06
29 65 6.01e-08
30 64 1.64e-05
30 66 7.23e-08
30 67 1.43e-11
30 68 1.70e-12
30 70 0.00e+00
