6 12 1.58e-04
6 13 2.23e-10
7 14 1.35e-09
7 15 1.11e-07
8 16 2.04e-02
8 17 2.19e-11
8 18 8.64e-12
9 19 1.96e-12
10 20 9.79e-05
10 21 2.27e-10
10 22 3.81e-10
11 23 6.37e-07
12 24 4.95e-03
12 25 2.83e-08
12 26 3.56e-08
13 27 6.59e-06
14 28 9.11e-02
14 29 2.04e-05
14 30 1.74e-05
15 31 1.63e-05
16 32 4.69e-02
16 33 4.16e-06
16 34 6.80e-06
16 36 1.32e-13
17 35 3.29e-06
17 37 3.17e-07
18 36 9.74e-03
18 38 2.56e-07
18 40 1.99e-14
19 39 8.22e-07
19 41 6.06e-08
20 40 9.28e-03
20 42 2.65e-09
20 43 2.42e-08
20 44 7.99e-06
20 46 7.25e-22
20 48 0.00e+00
21 45 1.41e-08
22 46 1.23e-07
22 47 9.24e-08
22 48 2.12e-04
22 49 1.91e-07
22 50 8.99e-21
23 50 4.31e-18
23 51 4.38e-06
24 50 5.71e-07
24 52 4.53e-03
24 53 1.83e-05
24 54 2.72e-16
25 55 9.13e-05
26 54 1.03e-05
26 56 1.01e+00
26 57 1.19e-02
26 58 1.10e-12
27 59 1.08e-03
28 58 5.34e-03
28 60 5.22e-03
28 61 6.07e-05
28 62 8.94e-05
28 64 1.50e-18
29 63 3.05e-05
29 65 2.61e-07
30 64 6.17e-05
30 66 5.67e-07
30 67 1.42e-10
30 68 2.43e-11
30 70 0.00e+00
