6 12 4.99e-05
6 13 4.32e-11
7 14 2.55e-09
7 15 9.96e-08
8 16 2.65e-02
8 17 1.16e-11
8 18 4.63e-12
9 19 1.54e-12
10 20 4.76e-04
10 21 3.83e-10
10 22 1.21e-09
11 23 3.82e-07
12 24 3.76e-03
12 25 1.80e-08
12 26 9.96e-09
13 27 9.08e-06
14 28 8.47e-02
14 29 1.60e-05
14 30 1.06e-05
15 31 1.83e-05
16 32 5.43e-02
16 33 4.22e-06
16 34 2.58e-06
16 36 9.77e-14
17 35 3.70e-06
17 37 5.18e-07
18 36 1.24e-02
18 38 1.32e-07
18 40 9.83e-15
19 39 1.10e-06
19 41 1.89e-07
20 40 1.24e-02
20 42 3.21e-09
20 43 2.30e-08
20 44 1.03e-05
20 46 3.65e-25
20 48 0.00e+00
21 45 1.88e-08
22 46 2.14e-08
22 47 3.80e-08
22 48 2.83e-04
22 49 9.89e-07
22 50 6.30e-21
23 50 2.16e-14
23 51 9.36e-06
24 50 3.33e-06
24 52 7.83e-03
24 53 1.83e-04
24 54 3.63e-12
25 55 2.05e-03
26 54 3.27e-03
26 56 1.03e+00
26 57 9.74e-03
26 58 1.27e-11
27 59 4.13e-04
28 58 4.43e-03
28 60 1.90e-03
28 61 1.72e-05
28 62 1.28e-05
28 64 3.30e-19
29 63 9.12e-06
29 65 6.13e-08
30 64 1.70e-05
30 66 7.76e-08
30 67 1.55e-11
30 68 1.87e-12
30 70 0.00e+00
