1 1 	6.15 		6.79 		7.53 		7.93 		8.41 		8.75 		3.55
1 2 	8.34e-15 	1.02e-14 	4.16e-16 	1.2e-15 	9.87e-16 	1.08e-15 	7.71e-17
2 3 	0.000196 	0.000218 	0.00023 	0.000238 	0.000221 	0.000212 	5.05e-05
2 4 	4.3 		5.25 		6.11 		6.76 		7.24 		8.36 		4.71
3 6 	1.32e-17 	3.17e-17 	2.78e-19 	1.09e-22 	9.53e-23 	5.9e-23 	3.47e-22
3 7 	5.63e-11 	7.09e-13 	2.8e-13 	4.32e-12 	6.93e-13 	4.33e-13 	5.72e-13
4 9 	4.61e-19 	1.55e-18 	7.56e-18 	4.72e-23 	2.23e-20 	4.92e-23 	7.03e-23
5 10 	1.12e-10 	1.36e-10 	1.42e-10 	1.47e-10 	1.51e-10 	1.54e-10 	6.96e-14
5 11 	4.28e-10 	6.02e-10 	6.41e-10 	6.54e-10 	6.77e-10 	6.92e-10 	3.22e-14
6 12 	0.107 		0.0651 		0.136 		0.245 		0.152 		0.25 		0.596
6 13 	0.001 		0.00115 	0.00138 	0.00145 	0.0666 		0.00192 	0.000431
7 14 	0.048 		0.0615 		0.0661 		0.0719 		0.0843 		0.102 		0.0581
7 15 	4.09e-05 	5.97e-05 	1.53e-05 	0.000224 	0.0463 		6.55e-06 	5.72e-06
8 16 	0.218 		0.162 		0.77 		1.05 		2.35 		3.22 		7.33
8 17 	0.000868 	0.000812 	0.000876 	0.000951 	0.00134 	0.00169 	0.000972
8 18 	0.0035 		0.00254 	0.0117 		0.00522 	0.0843 		0.00618 	0.0123
9 19 	1.42e-05 	1.64e-05 	4.47e-06 	6.05e-05 	0.000119 	7.81e-06 	5.26e-06
10 20 	0.0347 		0.0339 		0.149 		0.394 		0.853 		0.937 		2.21
10 21 	0.000225 	0.00013 	0.000202 	0.00181 	0.00159 	0.00297 	0.00497
10 22 	0.00452 	0.00172 	0.00663 	0.00904 	0.0168 		0.0186 		0.0109
11 23 	0.000925 	0.00106 	0.00293 	0.0168 		0.0186 		0.0347 		0.0776
12 24 	0.0252 		0.0379 		0.103 		0.0716 		0.218 		0.188 		0.31
12 25 	0.00256 	0.00146 	0.00708 	0.0144 		0.0313 		0.0312 		0.0728
12 26 	0.0021813 	0.00172763 	0.0058969 	0.008875 	0.0272867 	0.027939 	0.0733664
13 27 	0.0015 		0.00244 	0.01 		0.0099 		0.027 		0.0341 		0.083
14 28 	0.0748 		0.0838 		0.101 		0.0632 		0.128 		0.24 		0.241
14 29 	0.00149 	0.0022 		0.00696 	0.00204 	0.00706 	0.00738 	0.00999
14 30 	0.00155 	0.00275 	0.00682 	0.00244 	0.00619 	0.0106 		0.00976
15 31 	0.000375 	0.000706 	0.00174 	0.000658 	0.0015 		0.00256 	0.00352
16 32 	0.0373 		0.0347 		0.0369 		0.0281 		0.0499 		0.108 		0.109
16 33 	0.0002 		0.000243 	0.000351 	0.000226 	0.000325 	0.000481 	0.000481
16 34 	0.00164 	0.00153 	0.00219 	0.0017 		0.00226 	0.00376 	0.00342
16 36 	5.37e-06 	2.54e-06 	1.2e-05 	9.19e-06 	2.42e-05 	5.09e-05 	9.4e-05
17 35 	0.000115 	0.000137 	0.000175 	0.000125 	0.000162 	0.000233 	0.000276
17 37 	3.03e-05 	2.49e-05 	5.65e-05 	8.42e-05 	0.00017 	0.000263 	0.000564
18 36 	0.00629 	0.0049 		0.00548 	0.00466 	0.00792 	0.0181 		0.0181
18 38 	0.000686 	0.000651 	0.000783 	0.000674 	0.000898 	0.00164 	0.00165
18 40 	8.96757976553e-07 	1.05038076478e-06 	1.30081719347e-06 	1.41055071734e-06 	2.68118433836e-06 	7.41174097739e-06 	5.67239828519e-06
19 39 	5.02e-05 	7e-05 		7.67e-05 	7.39e-05 	8.83e-05 	0.000129 	0.000114
19 40 	1.27242023447e-07 	6.39192352161e-08 	1.37182806529e-07 	9.24492826609e-08 	1.98815661636e-07 	2.92259022605e-07 	4.02601714813e-07
19 41 	4.68e-06 	5.85e-06 	7.74e-06 	9.03e-06 	1.39e-05 	1.97e-05 	4.52e-05
20 40 	0.00491999924202 	0.00400999961924 	0.00453999918281 	0.00373999944928 	0.00654999881566 	0.015699998259 	0.0155999976017
20 42 	1.39e-05 	1.75e-05 	2.07e-05 	1.74e-05 	2.47e-05 	4.15e-05 	4.48e-05
20 43 	1.36e-06 	1.5e-06 	2.12e-06 	2.52e-06 	3.42e-06 	2.97e-06 	4.93e-06
20 44 	3.51e-05 	3.55e-05 	5.45e-05 	5.79e-05 	5.11e-05 	4.04e-05 	4.67e-05
20 46 	2.12e-07 	3.33e-07 	7.83e-07 	6.15e-07 	1.18e-06 	1.18e-06 	2.86e-06
20 48 	1.58e-06 	1.86e-06 	2.73e-06 	2.35e-06 	2.73e-06 	1.42e-05 	2.43e-06
21 45 	7.29e-07 	9.3e-07 	1.26e-06 	1.3e-06 	2.8e-06 	2.57e-06 	6.15e-06
22 46 	6.01e-06 	8.64e-06 	9.5e-06 	8.53e-06 	1.13e-05 	1.86e-05 	2.11e-05
22 47 	4.41e-06 	3.44e-06 	5.34e-06 	6.55e-06 	5.59e-06 	8.81e-06 	6.75e-06
22 48 	8.13e-05 	0.000107 	0.000132 	0.000115 	0.000153 	0.000253 	0.000244
22 49 	4.74e-06 	5.07e-06 	6.11e-06 	6.37e-06 	1.1e-05 	1.92e-05 	2.42e-05
22 50 	2.33e-06 	2.41e-06 	3.91e-06 	5.82e-06 	1.23e-05 	9.91e-06 	3.81e-05
23 50 	2.02999999995e-08 	2.65999999994e-08 	6.59999999984e-08 	3.88999999991e-08 	9.59999999977e-08 	2.48999999994e-07 	1.86999999996e-07
23 51 	1.18e-05 	9.95e-06 	1.14e-05 	1.33e-05 	1.44e-05 	2.5e-05 	2.24e-05
24 50 	2.23e-05 	3.95e-05 	3.68e-05 	3.1e-05 	5.22e-05 	7.71e-05 	9.21e-05
24 52 	0.000648 	0.00127 	0.00128 	0.00107 	0.00204 	0.00376 	0.00378
24 53 	6.24e-05 	9.27e-05 	9.62e-05 	8.28e-05 	0.000141 	0.000274 	0.000249
24 54 	6.55e-06 	6.8e-06 	1.52e-05 	1.66e-05 	2.77e-05 	5.12e-05 	5.66e-05
25 55 	0.000281 	0.00038 	0.000405 	0.00036 	0.00055 	0.00104 	0.000828
26 54 	0.00192 	0.00246 	0.00249 	0.00222 	0.00384 	0.00687 	0.00642
26 56 	0.0832 		0.0851 		0.0872 		0.0887 		0.0901 		0.0918 		0.0808
26 57 	0.00222 	0.00199 	0.00267 	0.00234 	0.00187 	0.00282 	0.000975
26 58 	0.000121 	0.00011 	0.000586 	0.000496 	0.000837 	0.00239 	0.00148
27 59 	0.000141 	9e-05 		0.000182 	0.000292 	0.000389 	0.000539 	0.000694
28 58 	0.00223 	0.00114 	0.0027 		0.00184 	0.00156 	0.00155 	0.000883
28 60 	0.00213 	0.00187 	0.00212 	0.00249 	0.00181 	0.000612 	0.0012
28 61 	8.21e-05 	0.000124 	0.000104 	0.000149 	0.000216 	0.00011 	0.000391
28 62 	0.000227 	0.000164 	0.000464 	0.000386 	0.000661 	0.000222 	0.00117
28 64 	3.35e-05 	1.72e-05 	2.99e-05 	0.000187 	0.000616 	7.11e-05 	0.00222
29 63 	1.83e-05 	1.3e-05 	1.9e-05 	0.000128 	0.000294 	8.56e-05 	0.000685
29 65 	1.03e-05 	7.18e-06 	7.62e-06 	4.4e-05 	0.000146 	1.3e-05 	0.000649
30 64 	9.67e-05 	6.77e-05 	5.74e-05 	0.00012 	5.37e-05 	1.87e-05 	0.000168
30 66 	1.74e-05 	1.78e-05 	2.17e-05 	6.26e-05 	0.000239 	1.54e-05 	0.00107
30 67 	2.88e-06 	1.78e-06 	2.03e-06 	1.29e-05 	5.26e-05 	2.72e-06 	0.000248
30 68 	1.32e-05 	7.49e-06 	1.17e-05 	6.03e-05 	0.000314 	1.27e-05 	0.00155
30 70 	1.83e-06 	5.59e-07 	5.13e-07 	1.62e-06 	8.43e-06 	3.69e-07 	2.65e-05
