1 1 	6.37 	7.11 	7.47 	8.95 	10.2 	10.1 	10.3
1 2 	1.07e-14 	1.99e-14 	4.57e-14 	8.8e-14 	3.23e-16 	6.93e-14 	2.64e-16
2 3 	0.00017 	0.000159 	0.000224 	0.000175 	0.000185 	0.000184 	0.00018
2 4 	4.04 		4.95 		6.06 		7.03 		8.48 		7.92 		8.12
3 6 	3.44e-17 	6.5e-17 	1.5e-16 	2.89e-16 	5.19e-23 	2.23e-16 	2.14e-20
3 7 	3.15e-15 	7.2e-14 	5.04e-13 	1.56e-12 	1.02e-13 	8.01e-13 	4.71e-12
4 9 	1.07e-16 	1.08e-16 	1.58e-16 	5.51e-16 	4.88e-24 	3.78e-16 	6e-22
5 10 	2.55e-11 	2.55e-11 	1.55e-10 	2.91e-11 	3.09e-11 	3.04e-11 	6.57e-12
5 11 	1.15e-10 	1.15e-10 	6.97e-10 	4.6e-08 	1.39e-10 	1.37e-10 	2.8e-11
6 12 	0.0878 		0.0881 		0.105 		0.0974 		0.132 		0.182 		0.458
6 13 	0.000188 	0.000209 	0.0603 		0.000292 	0.000382 	0.000339 	0.000368
7 14 	0.00908 	0.0129 		0.0727 		0.0184 		0.0315 		0.02 		0.026
7 15 	6.84e-06 	8.7e-06 	0.0535 		2.78e-05 	9.53e-05 	4.98e-06 	5.01e-06
8 16 	0.385 		0.292 		0.521 		0.994 		2.2 		4.79 		7.96
8 17 	8.75e-05 	8.66e-05 	0.00111 	0.000104 	0.000112 	0.00012 	0.000159
8 18 	0.00195 	0.000968 	0.052 		0.00128 	0.000848 	4.35e-05 	0.000837
9 19 	1.98e-06 	2.13e-06 	1.21e-05 	5.36e-06 	8.5e-05 	1.16e-05 	1.04e-06
10 20 	0.132 		0.124 		0.2 		0.277 		0.82 		0.937 		1.88
10 21 	0.000185 	0.000143 	0.001 		0.000258 	0.000383 	0.000721 	0.00117
10 22 	0.00105 	0.000754 	0.00417 	0.00216 	0.00457 	0.00618 	0.00287
11 23 	0.0015 		0.000819 	0.00663 	0.00407 	0.00625 	0.0141 		0.0261
12 24 	0.0438 		0.0746 		0.0693 		0.0965 		0.233 		0.218 		0.379
12 25 	0.00138 	0.00195 	0.00819 	0.0022 		0.00604 	0.00709 	0.012
12 26 	0.00124268 	0.00193479 	0.0064626 	0.00188865 	0.00671369 	0.0070818 	0.0133223
13 27 	0.00221 	0.00331 	0.00629 	0.00513 	0.0112 		0.0169 		0.0304
14 28 	0.0611 		0.103 		0.0941 		0.124 		0.119 		0.395 		0.523
14 29 	0.000541 	0.00112 	0.0027 		0.00127 	0.00193 	0.00337 	0.00455
14 30 	0.000656 	0.00129 	0.00389 	0.00161 	0.00158 	0.00482 	0.0065
15 31 	0.00015 	0.000274 	0.000736 	0.000387 	0.000386 	0.00102 	0.00148
16 32 	0.0268 		0.0344 		0.0407 		0.0515 		0.0348 		0.19 		0.226
16 33 	9.09e-05 	0.000183 	0.000262 	0.000189 	0.000166 	0.000434 	0.000455
16 34 	0.000427 	0.000956 	0.00238 	0.000912 	0.000722 	0.00203 	0.00235
16 36 	7.1e-07 	9.91e-07 	7.79e-06 	1.36e-06 	2.68e-06 	6.1e-06 	1.19e-05
17 35 	2.66e-05 	5.21e-05 	0.000109 	5.46e-05 	5.3e-05 	0.000123 	0.000156
17 37 	1.01e-05 	1.65e-05 	4.6e-05 	2.05e-05 	3.03e-05 	7.79e-05 	0.000113
18 36 	0.0045 		0.00431 	0.00696 	0.00799 	0.00473 	0.0309 	0.0348
18 38 	0.000166 	0.000494 	0.000743 	0.000306 	0.000267 	0.000977 	0.00114
18 40 	2.30046070762e-07 	3.74054065046e-07 	2.55039556901e-06 	3.30109551299e-07 	3.57197784507e-07 	9.25468405823e-07 	1.15043879736e-06
19 39 	1.78e-05 	3.2e-05 	7.2e-05 	3.12e-05 	2.64e-05 	0.000102 	9.93e-05
19 40 	7.73392923765e-09 	9.0759349537e-09 	6.64044309865e-08 	1.83904487014e-08 	3.32022154933e-08 	7.86315941771e-08 	7.36612026362e-08
19 41 	1.87e-06 	2.46e-06 	7.11e-06 	3.13e-06 	3.43e-06 	1.3e-05 	1.35e-05
20 40 	0.00390999995393 	0.00307999994593 	0.00611999960443 	0.00649999989045 	0.00376999980222 	0.0258999995316 	0.0282999995612
20 42 	4.16e-06 	9.59e-06 	1.81e-05 	7.31e-06 	6e-06 	2.65e-05 	2.98e-05
20 43 	3.41e-07 	3.6e-07 	1.93e-06 	5.23e-07 	7.95e-07 	9.89e-07 	1.43e-06
20 44 	2.07e-05 	2.3e-05 	3.4e-05 	2.09e-05 	2.65e-05 	1.51e-05 	1.88e-05
20 46 	7.37e-08 	1.18e-07 	6.81e-07 	1.1e-07 	1.28e-07 	1.97e-07 	3.24e-07
20 48 	3.22e-07 	4.02e-07 	2.37e-06 	5.02e-07 	6.19e-07 	6.48e-07 	7.8e-07
21 45 	2.16e-07 	2.48e-07 	1.35e-06 	3.61e-07 	5.3e-07 	1.09e-06 	1.64e-06
22 46 	5.16e-06 	6.09e-06 	8.19e-06 	3.54e-06 	5.14e-06 	1.22e-05 	1.4e-05
22 47 	5.4e-06 	3.4e-06 	4.65e-06 	1.33e-06 	6.46e-06 	1.46e-06 	2.04e-06
22 48 	8.17e-05 	7.41e-05 	0.000137 	0.000114 	8.94e-05 	0.000233 	0.000268
22 49 	3.49e-06 	2.81e-06 	7.25e-06 	5.19e-06 	4.09e-06 	1.36e-05 	1.72e-05
22 50 	5.85e-07 	5.61e-07 	3.72e-06 	1.08e-06 	2.25e-06 	4.1e-06 	7.7e-06
23 50 	4.60999999989e-09 	4.93999999988e-09 	4.0599999999e-08 	1.00999999998e-08 	1.97999999995e-08 	5.37999999987e-08 	9.67999999977e-08
23 51 	1.31e-05 	9.56e-06 	1.23e-05 	8.01e-06 	1.41e-05 	1.77e-05 	2.2e-05
24 50 	1.75e-05 	2.71e-05 	3.34e-05 	3.06e-05 	2.47e-05 	8.56e-05 	0.000121
24 52 	0.00111 	0.000963 	0.00181 	0.00166 	0.00124 	0.00373 	0.00407
24 53 	6.78e-05 	5.9e-05 	0.000123 	0.000104 	7.21e-05 	0.000243 	0.000276
24 54 	1.75e-06 	1.84e-06 	1.07e-05 	3.11e-06 	5.79e-06 	8.65e-06 	1.39e-05
25 55 	0.0002 		0.000171 	0.000468 	0.000329 	0.000234 	0.000761 	0.000838
26 54 	0.00124 	0.00123 	0.00263 	0.00237 	0.00141 	0.00709 	0.00939
26 56 	0.0726 		0.073 		0.0872 		0.074 		0.0747 		0.0746 		0.0747
26 57 	0.00105 	0.00113 	0.004 		0.00122 	0.00105 	0.000715 	0.000731
26 58 	4.77e-05 	4.89e-05 	0.000266 	9.17e-05 	0.000185 	0.000289 	0.000434
27 59 	0.000196 	0.000131 	0.000269 	6.21e-05 	0.000217 	0.000128 	0.000191
28 58 	0.000514 	0.000464 	0.0225 		0.000493 	0.000544 	0.000714 	0.000827
28 60 	0.0018 		0.00167 	0.00137 	0.00129 	0.0018 		0.000263 	0.00038
28 61 	4.25e-05 	4.99e-05 	0.000266 	5.67e-05 	6.09e-05 	5.55e-05 	9.8e-05
28 62 	3.55e-05 	2.4e-05 	0.00308 	9.09e-05 	0.000109 	0.000175 	0.000301
28 64 	1.09e-05 	3.62e-06 	6.68e-05 	2.79e-05 	9.88e-05 	0.000195 	0.000425
29 63 	1.05e-05 	5.37e-06 	3.62e-05 	1.35e-05 	4.27e-05 	5.23e-05 	0.000104
29 65 	3.81e-06 	1.51e-06 	2.12e-05 	1.02e-05 	3.17e-05 	6.94e-05 	0.000145
30 64 	0.000114 	0.000116 	2.31e-05 	6.04e-05 	0.000129 	2.98e-05 	5.8e-05
30 66 	6.72e-06 	4.66e-06 	8.57e-05 	1.71e-05 	4.58e-05 	0.000106 	0.000218
30 67 	7.89e-07 	3.21e-07 	5.78e-06 	2.25e-06 	8.56e-06 	1.82e-05 	4.11e-05
30 68 	3.52e-06 	1.52e-06 	2.86e-05 	1.17e-05 	4.38e-05 	0.00012 	0.000264
30 70 	1.12e-07 	8.93e-08 	1.06e-06 	9.23e-08 	1.66e-07 	4.58e-07 	5.82e-07
