1   1          0.84343E+01  0.98012E+01  0.11046E+02  0.12902E+02
1   2          0.40983E-15  0.44646E-15  0.15321E-12  0.26559E-14
2  3          0.16042E-03  0.12610E-03  0.14364E-03  0.12117E-03
2  4          0.59552E+01  0.69999E+01  0.84247E+01  0.10828E+02
3  6          0.93745E-21  0.47441E-20  0.50829E-15  0.76522E-17
3  7          0.84188E-10  0.91222E-12  0.11167E-11  0.19072E-11
4  9          0.17228E-20  0.25409E-24  0.25900E-15  0.13543E-17
5  10          0.23715E-11  0.76016E-11  0.22477E-11  0.20209E-11
5  11          0.10472E-10  0.34245E-10  0.10091E-10  0.83594E-11
6  12          0.12409E+00  0.19384E+00  0.10516E+00  0.50806E-01
6  13          0.19627E-04  0.98139E-04  0.82034E-04  0.28158E-03
7  14          0.12859E-01  0.91979E-02  0.61925E-02  0.85325E-02
7  15          0.13696E-05  0.72398E-05  0.90690E-06  0.31655E-05
8  16          0.19967E+01  0.36999E+01  0.49448E+01  0.64159E+01
8  17          0.21770E-04  0.27870E-04  0.48659E-04  0.28334E-04
8  18          0.80972E-05  0.70491E-04  0.19904E-04  0.17638E-03
9  19          0.28047E-05  0.60704E-06  0.20396E-05  0.16499E-05
10 20          0.45573E+00  0.10487E+01  0.10447E+01  0.18287E+00
10 21          0.96992E-04  0.42339E-03  0.44258E-03  0.21603E-04
10 22          0.11654E-02  0.14381E-02  0.12608E-02  0.12467E-03
11 23          0.12871E-02  0.67630E-02  0.46780E-02  0.60430E-03
12 24          0.23031E+00  0.19269E+00  0.31074E+00  0.51991E+00
12 25          0.17439E-02  0.15207E-02  0.27890E-02  0.16435E-02
12 26          0.17532E-02  0.17563E-02  0.32089E-02  0.91781E-03
13 27          0.63218E-02  0.51709E-02  0.87011E-02  0.19614E-01
14 28          0.11370E+00  0.11162E+00  0.23549E+00  0.71398E+00
14 29          0.12758E-02  0.78025E-03  0.16910E-02  0.62169E-02
14 30          0.10656E-02  0.48558E-03  0.12385E-02  0.80043E-02
15 31          0.27079E-03  0.18399E-03  0.39500E-03  0.26716E-02
16 32          0.36255E-01  0.42511E-01  0.92506E-01  0.27953E+00
16 33          0.17980E-03  0.21265E-03  0.41096E-03  0.11979E-02
16 34          0.51062E-03  0.41630E-03  0.10153E-02  0.37414E-02
16 36          0.33056E-06  0.56655E-06  0.93981E-06  0.98987E-06
17 35          0.38027E-04  0.53631E-04  0.10061E-03  0.35471E-03
17 37          0.13806E-04  0.19213E-04  0.37541E-04  0.88921E-04
18 36          0.55503E-02  0.68619E-02  0.14029E-01  0.36709E-01
18 38          0.14269E-03  0.11764E-03  0.36132E-03  0.12412E-02
18 40          0.45248E-07  0.86536E-07  0.25426E-06  0.38934E-06
19 39          0.20477E-04  0.17555E-04  0.54335E-04  0.16092E-03
19 40          0.68703E-08  0.10967E-07  0.12312E-07  0.31064E-07
19 41          0.26386E-05  0.22532E-05  0.70826E-05  0.20551E-04
20 40          0.44853E-02  0.54600E-02  0.11017E-01  0.29272E-01
20 42          0.37008E-05  0.21772E-05  0.81074E-05  0.31026E-04
20 43          0.37755E-06  0.49302E-06  0.64525E-06  0.40792E-06
20 44          0.12954E-03  0.13268E-03  0.24361E-03  0.15691E-03
20 46          0.24638E-07  0.26627E-07  0.11003E-06  0.18999E-06
20 48          0.11907E-06  0.15119E-06  0.18137E-06  0.21356E-06
21 45          0.21324E-06  0.31824E-06  0.55494E-06  0.10407E-05
22 46          0.37864E-05  0.13444E-04  0.12966E-04  0.15192E-04
22 47          0.48281E-05  0.27966E-04  0.32710E-04  0.19266E-04
22 48          0.16530E-03  0.18012E-03  0.32479E-03  0.33322E-03
22 49          0.26981E-05  0.27442E-05  0.54145E-05  0.87626E-05
22 50          0.40863E-06  0.74985E-06  0.90454E-06  0.76268E-06
23 50          0.71749E-08  0.12287E-07  0.17168E-07  0.50514E-07
23 51          0.11929E-04  0.54521E-04  0.47282E-04  0.27512E-04
24 50          0.12405E-04  0.20056E-04  0.26765E-04  0.54864E-04
24 52          0.73864E-03  0.89853E-03  0.15251E-02  0.29708E-02
24 53          0.39705E-04  0.38062E-04  0.71082E-04  0.16267E-03
24 54          0.11505E-05  0.19467E-05  0.22763E-05  0.19736E-05
25 55          0.10855E-03  0.11214E-03  0.19591E-03  0.46574E-03
26 54          0.83978E-03  0.11834E-02  0.19434E-02  0.40565E-02
26 56          0.80629E-01  0.14982E+00  0.20020E+00  0.25891E+00
26 57          0.20454E-02  0.27882E-02  0.38266E-02  0.42097E-02
26 58          0.39341E-04  0.68368E-04  0.77656E-04  0.65982E-04
27 59          0.15451E-03  0.65957E-03  0.78608E-03  0.44887E-03
28 58          0.56613E-03  0.10995E-02  0.16932E-02  0.13884E-02
28 60          0.27528E-02  0.61689E-02  0.70165E-02  0.79312E-02
28 61          0.84287E-04  0.11449E-03  0.13140E-03  0.13110E-03
28 62          0.54940E-04  0.10268E-03  0.11565E-03  0.11723E-03
28 64          0.18202E-04  0.37792E-04  0.48737E-04  0.44767E-04
29 63          0.14596E-04  0.33643E-04  0.38817E-04  0.26223E-04
29 65          0.77879E-05  0.14495E-04  0.20816E-04  0.21694E-04
30 64          0.33346E-03  0.52347E-03  0.78526E-03  0.65089E-03
30 66          0.17167E-04  0.24630E-04  0.41049E-04  0.48872E-04
30 67          0.16809E-05  0.34956E-05  0.48403E-05  0.25539E-05
30 68          0.78474E-05  0.16671E-04  0.24878E-04  0.28903E-04
30 70          0.24216E-07  0.23713E-07  0.10762E-06  0.19030E-06

